0 -17.9324 -13.5624 9.85363 -17.9324 -12.5704 11.1392 -17.9324 -13.0664 10.4964 0 0 0 
0 -17.9324 13.5624 -9.85363 -17.9324 13.1527 -10.3686 -17.9324 13.3575 -10.1111 0 0 0 
0 -13.4666 -17.9221 -9.97854 -12.8669 -17.9324 -10.7386 -13.1668 -17.9272 -10.3586 0 0 0 
0 -10.5499 -13.0281 -17.9324 -9.94192 -13.4946 -17.9324 -10.2459 -13.2613 -17.9324 0 0 0 
0 -10.2018 13.2952 17.9324 -9.50427 13.8486 17.9324 -9.85303 13.5719 17.9324 0 0 0 
0 -7.7724 6.26371 -7.7724 -7.7724 7.05399 -7.05399 -7.7724 6.65885 -7.41319 0 0 0 
0 -7.7724 7.05399 -7.05399 -7.7724 7.7724 -6.26371 -7.7724 7.41319 -6.65885 0 0 0 
0 -2.8194 -2.8194 2.28995 -2.8194 -2.28995 2.8194 -2.8194 -2.55467 2.55467 0 0 0 
0 -2.8194 -2.8194 -2.28995 -2.8194 -2.28995 -2.8194 -2.8194 -2.55467 -2.55467 0 0 0 
0 -2.8194 2.28995 2.8194 -2.28995 2.8194 2.8194 -2.55467 2.55467 2.8194 0 0 0 
0 -2.8194 -2.8194 -2.28995 -2.28995 -2.8194 -2.8194 -2.55467 -2.8194 -2.55467 0 0 0 
0 -2.8194 -2.8194 2.28995 -2.28995 -2.8194 2.8194 -2.55467 -2.8194 2.55467 0 0 0 
0 -2.8194 -2.28995 -2.8194 -2.28995 -2.8194 -2.8194 -2.55467 -2.55467 -2.8194 0 0 0 
0 -2.8194 -2.28995 2.8194 -2.28995 -2.8194 2.8194 -2.55467 -2.55467 2.8194 0 0 0 
0 -2.8194 2.28995 -2.8194 -2.8194 2.8194 -2.28995 -2.8194 2.55467 -2.55467 0 0 0 
0 -2.8194 2.28995 -2.8194 -2.28995 2.8194 -2.8194 -2.55467 2.55467 -2.8194 0 0 0 
0 -2.8194 2.28995 2.8194 -2.8194 2.8194 2.28995 -2.8194 2.55467 2.55467 0 0 0 
0 -2.8194 2.8194 -2.28995 -2.28995 2.8194 -2.8194 -2.55467 2.8194 -2.55467 0 0 0 
0 -2.8194 2.8194 2.28995 -2.28995 2.8194 2.8194 -2.55467 2.8194 2.55467 0 0 0 
0 -2.67222 -2.45064 -7.74542 -2.04506 -2.99883 -7.77213 -2.35864 -2.72474 -7.75877 0 0 0 
0 -1.31593 -25.4 -23.0129 0 -25.4 -23.0463 -0.657963 -25.4 -23.0296 0 0 0 
0 0.438775 -25.4 23.0421 0.328949 -25.4 23.6353 0.383862 -25.4 23.3387 0 0 0 
0 2.28995 -2.8194 -2.8194 2.8194 -2.28995 -2.8194 2.55467 -2.55467 -2.8194 0 0 0 
0 2.01373 3.01527 -7.7724 2.71874 2.40859 -7.7724 2.36624 2.71193 -7.7724 0 0 0 
0 2.28995 2.8194 -2.8194 2.8194 2.28995 -2.8194 2.55467 2.55467 -2.8194 0 0 0 
0 2.28995 2.8194 2.8194 2.83577 2.3288 2.8194 2.56286 2.5741 2.8194 0 0 0 
0 2.28995 -2.8194 -2.8194 2.8194 -2.8194 -2.28995 2.55467 -2.8194 -2.55467 0 0 0 
0 2.28995 2.8194 -2.8194 2.8194 2.8194 -2.28995 2.55467 2.8194 -2.55467 0 0 0 
0 2.28995 2.8194 2.8194 2.8194 2.8194 2.28995 2.55467 2.8194 2.55467 0 0 0 
0 2.8194 -2.8194 -2.28995 2.8194 -2.28995 -2.8194 2.8194 -2.55467 -2.55467 0 0 0 
0 2.8194 -2.8194 2.28995 2.8194 -2.28995 2.8194 2.8194 -2.55467 2.55467 0 0 0 
0 2.8194 -2.8194 2.28995 2.27687 -2.86519 2.82776 2.54814 -2.8423 2.55885 0 0 0 
0 2.8194 -2.28995 2.8194 2.27687 -2.86519 2.82776 2.54814 -2.57757 2.82358 0 0 0 
0 2.8194 2.28995 -2.8194 2.8194 2.8194 -2.28995 2.8194 2.55467 -2.55467 0 0 0 
0 2.8194 2.8194 2.28995 2.83577 2.3288 2.8194 2.82758 2.5741 2.55467 0 0 0 
0 6.26371 7.7724 -7.7724 7.05399 7.05399 -7.7724 6.65885 7.41319 -7.7724 0 0 0 
0 7.05399 7.05399 -7.7724 7.7724 6.26371 -7.7724 7.41319 6.65885 -7.7724 0 0 0 
0 9.88107 13.5493 -17.9324 10.5263 13.0462 -17.9324 10.2037 13.2978 -17.9324 0 0 0 
0 10.9226 -12.7098 17.9324 9.99355 -13.455 17.9324 10.4581 -13.0824 17.9324 0 0 0 
0 13.2693 -17.9324 10.2449 13.9066 -17.9324 9.29189 13.588 -17.9324 9.76837 0 0 0 
0 17.9324 -13.4469 -10.0727 17.9324 -12.7256 -10.8687 17.9324 -13.0863 -10.4707 0 0 0 
0 17.9324 12.7431 10.8836 17.9324 13.3359 10.2232 17.9324 13.0395 10.5534 0 0 0 
0 25.4 17.3001 15.2316 25.4 16.5812 15.9614 25.4 16.9406 15.5965 0 0 0 
0 0.221023 5.25504 3.61901 0.28654 6.0844 3.60573 0.253782 5.66972 3.61237 0 0 0 
0 0.19758 -7.7724 -4.57235 0.318941 -7.7724 -5.55413 0.25826 -7.7724 -5.06324 0 0 0 
0 -0.147315 -7.7724 -6.15573 -0.43431 -7.7724 -5.3954 -0.290813 -7.7724 -5.77556 0 0 0 
0 0.82573 3.55068 3.53298 0.110512 4.44362 3.6256 0.468121 3.99715 3.57929 0 0 0 
0 0.864481 -3.52782 3.52782 0.716095 -3.54776 4.43035 0.790288 -3.53779 3.97909 0 0 0 
0 19.1516 -18.349 25.4 18.726 -17.3818 25.4 18.9388 -17.8654 25.4 0 0 0 
0 24.1616 -23.9343 25.4 23.7171 -23.3072 25.4 23.9393 -23.6207 25.4 0 0 0 
0 17.9056 -17.3162 25.4 18.222 -18.1204 25.4 18.0638 -17.7183 25.4 0 0 0 
0 -16.7678 17.1503 25.4 -16.5262 16.123 25.4 -16.647 16.6367 25.4 0 0 0 
0 -21.1978 20.1403 25.4 -20.2159 19.7426 25.4 -20.7068 19.9414 25.4 0 0 0 
0 -21.153 19.4461 25.4 -20.264 18.7298 25.4 -20.7085 19.0879 25.4 0 0 0 
0 -19.4789 19.0407 25.4 -20.2159 19.7426 25.4 -19.8474 19.3916 25.4 0 0 0 
0 -24.7522 24.8031 25.4 -25.4 24.7231 25.4 -25.0761 24.7631 25.4 0 0 0 
0 0.94497 7.73306 7.7724 0.0276582 7.7724 7.00911 0.486314 7.75273 7.39075 0 0 0 
0 7.47345 12.2791 6.61755 7.41909 13.0302 6.66494 7.44627 12.6546 6.64124 0 0 0 
0 7.47345 12.2791 6.61755 7.50702 11.6228 6.57542 7.49023 11.9509 6.59648 0 0 0 
0 7.73156 10.7978 6.30705 7.94267 11.8113 6.03836 7.83711 11.3045 6.1727 0 0 0 
0 7.91187 13.0302 6.07099 9.12296 13.0302 6.89346 8.51742 13.0302 6.48223 0 0 0 
0 7.91187 13.0302 6.07099 7.90443 13.0302 7.21542 7.90815 13.0302 6.64321 0 0 0 
0 7.91187 13.0302 6.07099 8.97377 13.0302 5.83147 8.44282 13.0302 5.95123 0 0 0 
0 -7.66298 13.0302 -6.47399 -7.13751 12.2182 -6.93666 -7.40025 12.6242 -6.70532 0 0 0 
0 -0.0585023 13.0302 -10.3726 -0.433348 13.0302 -9.92529 -0.245925 13.0302 -10.149 0 0 0 
0 0.435003 13.0302 -9.96321 0.207482 13.0302 -10.883 0.321243 13.0302 -10.4231 0 0 0 
0 -12.3583 13.0302 -11.2722 -12.6179 14.0561 -11.0328 -12.4881 13.5431 -11.1525 0 0 0 
0 -0.850874 17.9324 16.7417 -0.983565 16.752 16.7327 -0.917219 17.3422 16.7372 0 0 0 
0 -16.6845 17.886 1.60065 -17.9324 17.9324 1.58294 -17.3084 17.9092 1.59179 0 0 0 
0 17.8267 21.9253 14.5741 17.9298 21.0522 14.483 17.8782 21.4887 14.5286 0 0 0 
0 17.2927 20.5745 15.2376 17.5936 21.2385 14.8912 17.4431 20.9065 15.0644 0 0 0 
0 -16.3326 25.4 16.3283 -16.4444 25.4 17.4361 -16.3885 25.4 16.8822 0 0 0 
0 -19.7099 25.4 19.7099 -20.5588 25.4 19.812 -20.1344 25.4 19.7609 0 0 0 
0 -21.3721 25.4 19.579 -21.932 25.4 20.258 -21.6521 25.4 19.9185 0 0 0 
0 -21.3721 25.4 19.579 -20.5855 25.4 19.0977 -20.9788 25.4 19.3383 0 0 0 
0 -17.3176 25.4 17.7894 -17.0401 25.4 17.0506 -17.1788 25.4 17.42 0 0 0 
0 -21.1503 25.4 20.4763 -20.5588 25.4 19.812 -20.8546 25.4 20.1441 0 0 0 
0 -18.5067 25.4019 -13.7244 -18.6569 25.4 -14.7545 -18.5818 25.401 -14.2394 0 0 0 
0 -18.5067 25.4019 -13.7244 -19.267 25.4 -12.5773 -18.8868 25.401 -13.1508 0 0 0 
0 -18.5067 25.4019 -13.7244 -19.4039 25.4 -14.1939 -18.9553 25.401 -13.9591 0 0 0 
0 18.9427 25.4 -18.8128 19.5178 25.4 -19.5773 19.2302 25.4 -19.195 0 0 0 
0 20.9787 25.4 -21.7183 21.4494 25.4 -22.5305 21.2141 25.4 -22.1244 0 0 0 
0 20.7353 25.4 -22.6673 20.0918 25.4 -21.8439 20.4136 25.4 -22.2556 0 0 0 
0 19.1236 25.4 -20.3851 18.5763 25.4 -19.7217 18.8499 25.4 -20.0534 0 0 0 
0 24.1644 25.4 -23.5911 24.7654 25.4 -24.4257 24.4649 25.4 -24.0084 0 0 0 
0 24.1644 25.4 -23.5911 23.5466 25.4 -23.4086 23.8555 25.4 -23.4998 0 0 0 
0 24.1875 25.4 -24.2977 23.4898 25.4 -24.1 23.8386 25.4 -24.1989 0 0 0 
0 16.5385 25.4 -15.9963 17.5593 25.4 -16.3707 17.0489 25.4 -16.1835 0 0 0 
0 -7.7724 7.05399 -7.05399 -7.7724 6.81076 -5.96379 -7.7724 6.93237 -6.50889 0 0 0 
0 -7.7724 6.81076 -5.96379 -7.7724 7.41319 -6.65885 -7.7724 7.11198 -6.31132 0 0 0 
0 -9.60064 6.65148 -7.43699 -8.68345 6.85832 -7.24035 -9.14205 6.7549 -7.33867 0 0 0 
0 -9.60064 6.65148 -7.43699 -10.559 7.17073 -6.94164 -10.0798 6.91111 -7.18932 0 0 0 
0 -10.559 7.17073 -6.94164 -9.48788 7.17909 -6.92703 -10.0234 7.17491 -6.93434 0 0 0 
0 -13.0302 6.76205 -7.38747 -12.3783 7.05161 -7.06505 -12.7042 6.90683 -7.22626 0 0 0 
0 -16.9715 13.1247 -10.4063 -17.9324 13.1527 -10.3686 -17.4519 13.1387 -10.3875 0 0 0 
0 -15.0635 12.9121 -10.6865 -14.4832 12.6625 -10.9826 -14.7733 12.7873 -10.8345 0 0 0 
0 -15.0635 12.9121 -10.6865 -15.7396 12.9061 -10.6932 -15.4016 12.9091 -10.6898 0 0 0 
0 -14.5264 13.2217 -10.3022 -13.8129 13.0547 -10.4916 -14.1697 13.1382 -10.3969 0 0 0 
0 -14.5264 13.2217 -10.3022 -15.3189 13.2121 -10.3144 -14.9227 13.2169 -10.3083 0 0 0 
0 -16.9715 13.1247 -10.4063 -17.9324 13.3575 -10.1111 -17.4519 13.2411 -10.2587 0 0 0 
0 -17.9324 -13.5624 9.85363 -17.9324 -13.0664 10.4964 -17.9324 -13.3144 10.175 0 0 0 
0 -17.9324 -13.5624 9.85363 -17.9324 -13.5244 11.1434 -17.9324 -13.5434 10.4985 0 0 0 
0 -17.9324 -12.5704 11.1392 -17.9324 -13.5244 11.1434 -17.9324 -13.0474 11.1413 0 0 0 
0 -17.9324 -15.6163 12.4375 -17.9324 -14.9391 11.9202 -17.9324 -15.2777 12.1788 0 0 0 
0 -17.9324 -16.6334 12.3576 -17.9324 -17.3194 12.8392 -17.9324 -16.9764 12.5984 0 0 0 
0 -17.9324 -16.6556 13.3011 -17.9324 -17.2306 13.8235 -17.9324 -16.9431 13.5623 0 0 0 
0 -17.9324 0 16.764 -17.9324 0.164077 17.9324 -17.9324 0.0820387 17.3482 0 0 0 
0 -17.8956 1.40389 16.6999 -17.9324 1.41099 17.8962 -17.914 1.40744 17.2981 0 0 0 
0 -25.4 -16.9792 15.5833 -24.5769 -16.868 15.7053 -24.9884 -16.9236 15.6443 0 0 0 
0 -25.4 -17.6152 14.8286 -24.0665 -17.239 15.3 -24.7333 -17.4271 15.0643 0 0 0 
0 -19.5619 -17.4063 15.1087 -20.4026 -17.3669 15.1528 -19.9822 -17.3866 15.1308 0 0 0 
0 -19.0682 -17.9494 14.4601 -19.9552 -17.7504 14.7025 -19.5117 -17.8499 14.5813 0 0 0 
0 -22.6209 -17.5704 14.9163 -21.7863 -17.6595 14.8139 -22.2036 -17.6149 14.8651 0 0 0 
0 -21.136 -17.5115 14.9863 -20.4026 -17.3669 15.1528 -20.7693 -17.4392 15.0695 0 0 0 
0 -20.5968 -17.793 14.6503 -19.9552 -17.7504 14.7025 -20.276 -17.7717 14.6764 0 0 0 
0 -25.4 -16.3617 16.2067 -24.5769 -16.868 15.7053 -24.9884 -16.6148 15.956 0 0 0 
0 9.06959 -7.74782 -6.24934 9.81775 -7.82516 -6.19351 9.44367 -7.78649 -6.22143 0 0 0 
0 13.0182 -7.6466 -6.41651 12.2364 -7.71575 -6.32259 12.6273 -7.68118 -6.36955 0 0 0 
0 11.4381 -8.03767 -5.91367 10.7104 -7.60019 -6.46787 11.0743 -7.81893 -6.19077 0 0 0 
0 11.561 -7.49218 -6.59268 12.2364 -7.71575 -6.32259 11.8987 -7.60397 -6.45763 0 0 0 
0 17.9324 -12.7256 -10.8687 17.1832 -13.1735 -10.3666 17.5578 -12.9496 -10.6176 0 0 0 
0 17.1832 -13.1735 -10.3666 17.9324 -13.0863 -10.4707 17.5578 -13.1299 -10.4186 0 0 0 
0 16.6188 2.15921 -16.6188 17.9145 1.84782 -16.6597 17.2667 2.00351 -16.6393 0 0 0 
0 16.7079 -1.3001 -16.7079 17.9324 -1.31484 -16.7066 17.3201 -1.30747 -16.7072 0 0 0 
0 16.7276 16.7052 -1.33732 17.9324 16.7066 -1.31484 17.33 16.7059 -1.32608 0 0 0 
0 16.7276 16.7052 -1.33732 17.9324 16.6384 -2.21373 17.33 16.6718 -1.77552 0 0 0 
0 17.9324 16.7066 -1.31484 16.7303 16.7303 -0.432982 17.3314 16.7185 -0.87391 0 0 0 
0 17.9324 16.6384 -2.21373 16.5972 16.5972 -2.15363 17.2648 16.6178 -2.18368 0 0 0 
0 16.7527 16.7527 0.434138 17.9324 16.764 -0 17.3426 16.7584 0.217069 0 0 0 
0 16.7527 16.7527 0.434138 17.9324 16.741 0.87736 17.3426 16.7469 0.655749 0 0 0 
0 17.9324 16.741 0.87736 16.7115 16.7115 1.25384 17.3219 16.7263 1.0656 0 0 0 
0 17.9324 16.764 -0 16.7303 16.7303 -0.432982 17.3314 16.7472 -0.216491 0 0 0 
0 17.9324 -2.54898 16.5782 17.9324 -2.48734 17.9324 17.9324 -2.51816 17.2553 0 0 0 
0 17.9324 1.31484 16.7066 17.9324 1.27861 17.9324 17.9324 1.29672 17.3195 0 0 0 
0 17.9324 -17.9324 -1.20747 17.9324 -16.7287 -1.03452 17.9324 -17.3305 -1.121 0 0 0 
0 18.8877 18.1347 14.2256 19.9789 17.8497 14.5682 19.4333 17.9922 14.3969 0 0 0 
0 24.5447 17.3195 15.2064 24.0808 17.3569 15.1542 24.3127 17.3382 15.1803 0 0 0 
0 24.043 16.9622 15.6061 23.3713 17.1736 15.3446 23.7072 17.0679 15.4754 0 0 0 
0 3.78403 -2.64888 -2.47954 2.8194 -2.55467 -2.55467 3.30171 -2.60178 -2.51711 0 0 0 
0 2.8194 -2.28995 -2.8194 3.78403 -2.64888 -2.47954 3.30171 -2.46941 -2.64947 0 0 0 
0 3.78403 -2.64888 -2.47954 4.55285 -2.65343 -2.46783 4.16844 -2.65115 -2.47369 0 0 0 
0 5.76087 -3.06081 -1.94945 6.88516 -2.9811 -2.04905 6.32302 -3.02095 -1.99925 0 0 0 
0 25.4 18.9548 18.8298 25.4 18.926 17.5576 25.4 18.9404 18.1937 0 0 0 
0 25.4 18.9548 18.8298 25.4 19.4647 19.8455 25.4 19.2097 19.3376 0 0 0 
0 25.4 18.926 17.5576 25.4 18.1865 16.9613 25.4 18.5562 17.2594 0 0 0 
0 25.4 18.1613 18.445 25.4 18.0256 17.7463 25.4 18.0934 18.0956 0 0 0 
0 25.4 22.5736 21.682 25.4 23.2705 22.112 25.4 22.9221 21.897 0 0 0 
0 25.4 22.5198 22.8217 25.4 21.8202 22.4957 25.4 22.17 22.6587 0 0 0 
0 25.4 22.5198 22.8217 25.4 23.0955 23.4539 25.4 22.8077 23.1378 0 0 0 
0 25.4 21.3075 22.0243 25.4 20.525 21.4903 25.4 20.9163 21.7573 0 0 0 
0 25.4 23.7665 23.9344 25.4 23.0955 23.4539 25.4 23.431 23.6942 0 0 0 
0 2.14767 -2.91452 7.7724 2.94963 -3.27087 7.7724 2.54865 -3.0927 7.7724 0 0 0 
0 -6.00243 5.14603 7.7724 -5.162 4.29482 7.7724 -5.58221 4.72042 7.7724 0 0 0 
0 -4.76706 5.02721 7.7724 -5.459 5.92774 7.7724 -5.11303 5.47747 7.7724 0 0 0 
0 -3.21615 1.68797 7.7724 -3.65309 2.89916 7.7724 -3.43462 2.29356 7.7724 0 0 0 
0 -3.96454 3.98126 7.7724 -4.76706 5.02721 7.7724 -4.3658 4.50424 7.7724 0 0 0 
0 -3.96454 3.98126 7.7724 -3.65309 2.89916 7.7724 -3.80882 3.44021 7.7724 0 0 0 
0 -5.5872 7.10217 7.7724 -5.459 5.92774 7.7724 -5.5231 6.51495 7.7724 0 0 0 
0 -7.18316 6.92557 7.82047 -6.38416 6.48763 7.7724 -6.78366 6.7066 7.79643 0 0 0 
0 -7.18316 6.92557 7.82047 -6.82137 7.2812 8.57649 -7.00227 7.10338 8.19848 0 0 0 
0 -6.82137 7.2812 8.57649 -6.77084 7.33344 7.81461 -6.79611 7.30732 8.19555 0 0 0 
0 -6.82137 7.2812 8.57649 -6.8099 7.28767 9.63811 -6.81564 7.28443 9.1073 0 0 0 
0 -6.45256 7.59428 9.11636 -6.8099 7.28767 9.63811 -6.63123 7.44097 9.37723 0 0 0 
0 -6.61703 7.46827 10.4568 -6.08144 7.90814 9.57272 -6.34924 7.68821 10.0147 0 0 0 
0 -1.22611 16.7136 17.9324 -0.983565 16.752 16.7327 -1.10484 16.7328 17.3325 0 0 0 
0 -1.22611 16.7136 17.9324 -1.05713 17.9324 17.9324 -1.14162 17.323 17.9324 0 0 0 
0 1.3094 16.6779 17.9354 1.41214 16.6992 16.6992 1.36077 16.6886 17.3173 0 0 0 
0 16.5729 -2.77339 17.9324 17.9324 -2.48734 17.9324 17.2527 -2.63037 17.9324 0 0 0 
0 16.7193 -1.28209 17.9324 17.9126 -1.35497 17.9324 17.316 -1.31853 17.9324 0 0 0 
0 9.99355 -13.455 17.9324 10.8143 -13.4821 17.9324 10.4039 -13.4686 17.9324 0 0 0 
0 10.8143 -13.4821 17.9324 10.4581 -13.0824 17.9324 10.6362 -13.2823 17.9324 0 0 0 
0 13.2756 -16.5427 17.9324 14.1669 -16.9686 17.9324 13.7213 -16.7557 17.9324 0 0 0 
0 12.9295 -17.3741 17.9324 12.3722 -16.1358 17.9324 12.6508 -16.7549 17.9324 0 0 0 
0 2.71874 2.40859 -7.7724 2.33855 2.7687 -6.98849 2.52864 2.58865 -7.38045 0 0 0 
0 2.46602 2.6578 -3.43032 2.8194 2.28995 -2.8194 2.64271 2.47388 -3.12486 0 0 0 
0 2.33855 2.7687 -6.98849 2.36624 2.71193 -7.7724 2.35239 2.74032 -7.38045 0 0 0 
0 -2.8194 -2.28995 -2.8194 -2.33847 -2.77455 -3.46043 -2.57894 -2.53225 -3.13992 0 0 0 
0 -1.72064 -3.19686 -5.62359 -1.89946 -3.07064 -6.69029 -1.81005 -3.13375 -6.15694 0 0 0 
0 -1.64227 -3.23973 -3.23973 -2.33847 -2.77455 -3.46043 -1.99037 -3.00714 -3.35008 0 0 0 
0 -1.62749 -3.23952 -4.01198 -0.864481 -3.52782 -3.52782 -1.24599 -3.38367 -3.7699 0 0 0 
0 -1.64227 -3.23973 -3.23973 -1.62749 -3.23952 -4.01198 -1.63488 -3.23963 -3.62585 0 0 0 
0 -14.1134 -18.223 -24.3411 -14.4919 -17.8959 -25.4 -14.3026 -18.0595 -24.8705 0 0 0 
0 17.9324 0.840577 -16.742 17.9324 1.04867 -17.8979 17.9324 0.944622 -17.3199 0 0 0 
0 16.6149 2.18739 -17.9324 17.9324 2.29602 -17.9324 17.2736 2.2417 -17.9324 0 0 0 
0 17.9324 2.29602 -17.9324 16.7025 1.37116 -17.8903 17.3174 1.83359 -17.9114 0 0 0 
0 16.7079 -1.3001 -16.7079 16.7305 -1.01448 -17.8995 16.7192 -1.15729 -17.3037 0 0 0 
0 17.9324 1.04867 -17.8979 16.7025 1.37116 -17.8903 17.3174 1.20991 -17.8941 0 0 0 
0 10.5263 13.0462 -17.9324 10.0828 13.3869 -17.1045 10.3045 13.2166 -17.5184 0 0 0 
0 10.0828 13.3869 -17.1045 10.2037 13.2978 -17.9324 10.1432 13.3423 -17.5184 0 0 0 
0 -10.5499 -13.0281 -17.9324 -10.2947 -13.2294 -16.6244 -10.4223 -13.1287 -17.2784 0 0 0 
0 -10.5499 -13.0281 -17.9324 -9.863 -13.541 -17.2889 -10.2065 -13.2845 -17.6106 0 0 0 
0 -9.863 -13.541 -17.2889 -10.2459 -13.2613 -17.9324 -10.0545 -13.4012 -17.6106 0 0 0 
0 -9.49198 -13.8109 -17.9324 -9.863 -13.541 -17.2889 -9.67749 -13.6759 -17.6106 0 0 0 
0 -10.8603 -12.762 -14.4265 -10.5799 -13.0005 -15.4924 -10.7201 -12.8812 -14.9594 0 0 0 
0 -9.96098 -13.4837 -13.4837 -10.5089 -13.0593 -13.7466 -10.2349 -13.2715 -13.6152 0 0 0 
0 -8.99994 -9.77069 -13.0302 -9.48018 -10.8546 -13.0302 -9.24006 -10.3126 -13.0302 0 0 0 
0 -6.41643 -7.64681 -13.0302 -7.6181 -7.64545 -13.0302 -7.01727 -7.64613 -13.0302 0 0 0 
0 -4.73703 -4.91725 -7.7724 -3.99442 -4.42514 -7.7724 -4.36573 -4.67119 -7.7724 0 0 0 
0 -2.04506 -2.99883 -7.77213 -3.06587 -3.05141 -7.7724 -2.55547 -3.02512 -7.77226 0 0 0 
0 24.4172 25.4 -25.4 24.8042 24.8788 -25.4 24.6107 25.1394 -25.4 0 0 0 
0 24.0714 23.5444 -25.4 23.6206 22.9568 -25.4 23.846 23.2506 -25.4 0 0 0 
0 18.6817 20.0389 -25.4 18.3234 18.9214 -25.4 18.5026 19.4802 -25.4 0 0 0 
0 23.4345 25.4 -25.4 24.208 24.5899 -25.4 23.8212 24.995 -25.4 0 0 0 
0 24.208 24.5899 -25.4 24.4172 25.4 -25.4 24.3126 24.995 -25.4 0 0 0 
0 22.9419 22.7866 -25.4 23.3177 23.4098 -25.4 23.1298 23.0982 -25.4 0 0 0 
0 -14.2239 -17.9324 -10.8233 -13.4666 -17.9221 -9.97854 -13.8452 -17.9272 -10.4009 0 0 0 
0 -13.4666 -17.9221 -9.97854 -13.2648 -17.9324 -11.0864 -13.3657 -17.9272 -10.5325 0 0 0 
0 -14.2301 -17.9324 -11.5478 -13.2648 -17.9324 -11.0864 -13.7475 -17.9324 -11.3171 0 0 0 
0 -13.4666 -17.9221 -9.97854 -13.1668 -17.9272 -10.3586 -13.3167 -17.9247 -10.1686 0 0 0 
0 -13.2648 -17.9324 -11.0864 -12.8669 -17.9324 -10.7386 -13.0659 -17.9324 -10.9125 0 0 0 
0 -13.2694 -17.2856 -10.2407 -13.1668 -17.9272 -10.3586 -13.2181 -17.6064 -10.2996 0 0 0 
0 12.5746 -17.9324 11.0279 13.1718 -17.9324 11.0283 12.8732 -17.9324 11.0281 0 0 0 
0 13.2693 -17.9324 10.2449 13.8101 -17.9324 10.8795 13.5397 -17.9324 10.5622 0 0 0 
0 17.1938 -17.9324 14.1648 17.9324 -17.9324 13.4757 17.5631 -17.9324 13.8203 0 0 0 
0 17.9324 -17.9324 13.4757 16.898 -17.9324 13.3446 17.4152 -17.9324 13.4102 0 0 0 
0 15.3798 -17.9324 11.9324 15.6025 -17.9324 12.7998 15.4912 -17.9324 12.3661 0 0 0 
0 16.4939 -17.9324 12.5121 15.9369 -17.9324 12.2222 16.2154 -17.9324 12.3671 0 0 0 
0 13.2693 -17.9324 10.2449 13.5848 -17.2565 9.81608 13.427 -17.5945 10.0305 0 0 0 
0 -8.92464 -13.0302 -9.72896 -9.65967 -13.0302 -10.3763 -9.29216 -13.0302 -10.0526 0 0 0 
0 -8.92464 -13.0302 -9.72896 -8.07118 -13.0302 -9.11997 -8.49791 -13.0302 -9.42446 0 0 0 
0 -8.5027 -13.0302 -8.47971 -8.92717 -13.0302 -9.05141 -8.71494 -13.0302 -8.76556 0 0 0 
0 -6.73746 -13.0302 -7.35264 -7.45812 -13.0302 -7.77626 -7.09779 -13.0302 -7.56445 0 0 0 
0 -25.4 -24.5385 -24.9073 -25.4 -25.4 -24.4147 -25.4 -24.9693 -24.661 0 0 0 
0 -25.4 -25.4 -24.4147 -25.4 -24.4512 -23.8102 -25.4 -24.9256 -24.1124 0 0 0 
0 -25.4 -25.4 -23.3678 -25.4 -24.4512 -23.8102 -25.4 -24.9256 -23.589 0 0 0 
0 -25.4 -19.4052 -21.1591 -25.4 -19.0232 -20.2484 -25.4 -19.2142 -20.7037 0 0 0 
0 -25.4 -21.212 -22.0955 -25.4 -20.3984 -21.6184 -25.4 -20.8052 -21.857 0 0 0 
0 -7.7724 7.7724 -5.32897 -7.7724 6.81076 -5.96379 -7.7724 7.29158 -5.64638 0 0 0 
0 -0.0555836 7.74257 -3.62624 -0.260603 7.7724 -4.65234 -0.158093 7.75749 -4.13929 0 0 0 
0 0 7.7724 -7.7724 0.401646 7.7724 -6.92376 0.200823 7.7724 -7.34808 0 0 0 
0 -17.9324 16.7168 -1.1847 -16.7087 16.7218 -1.29115 -17.3205 16.7193 -1.23793 0 0 0 
0 -16.7087 16.7218 -1.29115 -16.7075 17.9324 -1.30372 -16.7081 17.3271 -1.29744 0 0 0 
0 -16.6743 16.6743 1.73193 -17.9324 16.6522 1.64009 -17.3033 16.6632 1.68601 0 0 0 
0 -13.7006 13.7006 -9.6532 -13.8129 13.0547 -10.4916 -13.7567 13.3776 -10.0724 0 0 0 
0 -13.7006 13.7006 -9.6532 -14.5264 13.2217 -10.3022 -14.1135 13.4611 -9.97771 0 0 0 
0 -13.0302 -12.292 10.2684 -13.0302 -13.0302 9.55849 -13.0302 -12.6611 9.91343 0 0 0 
0 -13.0302 -7.3902 6.69647 -13.0302 -7.45218 7.7792 -13.0302 -7.42119 7.23784 0 0 0 
0 -17.9324 -12.5704 11.1392 -17.2507 -13.1232 10.4295 -17.5916 -12.8468 10.7843 0 0 0 
0 -17.2507 -13.1232 10.4295 -17.9324 -13.0664 10.4964 -17.5916 -13.0948 10.463 0 0 0 
0 -17.9324 -16.7525 -0.43868 -16.7303 -16.7303 -0.432982 -17.3314 -16.7414 -0.435831 0 0 0 
0 -17.9324 -16.741 0.87736 -16.7527 -16.7527 0.434138 -17.3426 -16.7469 0.655749 0 0 0 
0 -17.9129 -16.6598 1.84724 -16.6743 -16.6743 1.73193 -17.2936 -16.6671 1.78958 0 0 0 
0 -17.9324 -16.4776 3.05395 -16.5146 -16.5146 2.85304 -17.2235 -16.4961 2.9535 0 0 0 
0 -16.7527 -16.7527 0.434138 -16.7525 -17.9324 0.43868 -16.7526 -17.3426 0.436409 0 0 0 
0 -17.9324 13.5624 -9.85363 -17.9324 13.988 -10.9974 -17.9324 13.7752 -10.4255 0 0 0 
0 -17.9324 13.988 -10.9974 -17.9324 13.3575 -10.1111 -17.9324 13.6728 -10.5542 0 0 0 
0 -17.9324 14.9532 -11.4402 -17.9324 13.988 -10.9974 -17.9324 14.4706 -11.2188 0 0 0 
0 -17.9324 17.4413 -13.3811 -17.9324 17.9324 -13.7191 -17.9324 17.6869 -13.5501 0 0 0 
0 -17.9324 17.9324 -12.8399 -17.9324 17.4413 -13.3811 -17.9324 17.6869 -13.1105 0 0 0 
0 -18.2493 19.4868 -14.0813 -18.3301 18.3301 -13.9587 -18.2897 18.9084 -14.02 0 0 0 
0 -18.3301 18.3301 -13.9587 -18.0055 18.9716 -14.3904 -18.1678 18.6508 -14.1746 0 0 0 
0 -2.8194 2.28995 -2.8194 -3.72031 2.74934 -2.36437 -3.26986 2.51964 -2.59188 0 0 0 
0 -3.23973 3.23973 -1.64227 -3.72031 2.74934 -2.36437 -3.48002 2.99453 -2.00332 0 0 0 
0 -3.72031 2.74934 -2.36437 -2.8194 2.55467 -2.55467 -3.26986 2.65201 -2.45952 0 0 0 
0 -5.93095 -2.54564 2.57379 -5.04079 -2.58236 2.54422 -5.48587 -2.564 2.559 0 0 0 
0 -4.01338 -2.72607 2.39746 -2.8194 -2.55467 2.55467 -3.41639 -2.64037 2.47607 0 0 0 
0 -4.01338 -2.72607 2.39746 -2.8194 -2.28995 2.8194 -3.41639 -2.50801 2.60843 0 0 0 
0 -4.01338 -2.72607 2.39746 -3.24853 -3.21161 1.68534 -3.63096 -2.96884 2.0414 0 0 0 
0 13.0182 -7.6466 -6.41651 12.0886 -7.18696 -6.92361 12.5534 -7.41678 -6.67006 0 0 0 
0 13.0302 -6.73746 -7.35265 12.0886 -7.18696 -6.92361 12.5594 -6.96221 -7.13813 0 0 0 
0 13.0302 -6.73746 -7.35265 12.1477 -6.6629 -7.42303 12.5889 -6.70018 -7.38784 0 0 0 
0 13.0302 -6.73746 -7.35265 12.3084 -6.1079 -7.84595 12.6693 -6.42268 -7.5993 0 0 0 
0 13.0302 -6.73746 -7.35265 13.0302 -6.04789 -7.88177 13.0302 -6.39267 -7.61721 0 0 0 
0 11.561 -7.49218 -6.59268 12.0886 -7.18696 -6.92361 11.8248 -7.33957 -6.75814 0 0 0 
0 12.0886 -7.18696 -6.92361 12.2364 -7.71575 -6.32259 12.1625 -7.45135 -6.6231 0 0 0 
0 13.0302 6.73746 7.35264 12.1134 6.94488 7.16663 12.5718 6.84117 7.25964 0 0 0 
0 13.0302 -12.3583 -11.2722 13.8366 -12.7919 -10.8324 13.4334 -12.5751 -11.0523 0 0 0 
0 13.0302 -12.3583 -11.2722 13.0302 -12.1495 -10.4497 13.0302 -12.2539 -10.8609 0 0 0 
0 17.9324 -17.9324 -13.7982 17.9324 -17.0538 -14.4173 17.9324 -17.4931 -14.1078 0 0 0 
0 17.9324 -13.4469 -10.0727 17.9324 -13.5539 -11.0504 17.9324 -13.5004 -10.5615 0 0 0 
0 17.9324 -13.5539 -11.0504 17.9324 -13.0863 -10.4707 17.9324 -13.3201 -10.7605 0 0 0 
0 17.9324 -17.9324 -13.7982 17.9324 -17.3803 -13.1103 17.9324 -17.6563 -13.4542 0 0 0 
0 17.9324 -17.9324 -13.15 17.9324 -17.3803 -13.1103 17.9324 -17.6563 -13.1302 0 0 0 
0 17.9324 -17.9324 -13.7982 17.9324 -17.0204 -13.684 17.9324 -17.4764 -13.7411 0 0 0 
0 17.9324 -16.6294 -12.9693 17.9324 -17.0204 -13.684 17.9324 -16.8249 -13.3266 0 0 0 
0 17.9324 -17.9324 -12.4816 17.9324 -17.3803 -13.1103 17.9324 -17.6563 -12.7959 0 0 0 
0 18.5397 -18.5397 -13.6923 18.9235 -18.0374 -14.3493 18.7316 -18.2885 -14.0208 0 0 0 
0 24.7317 -24.6751 25.4 25.4 -24.6887 25.4 25.0658 -24.6819 25.4 0 0 0 
0 25.4 24.8989 24.7352 25.4 24.7517 25.4 25.4 24.8253 25.0676 0 0 0 
0 25.4 24.2662 24.4283 25.4 24.7517 25.4 25.4 24.509 24.9142 0 0 0 
0 25.4 -24.0198 25.3654 24.7317 -24.6751 25.4 25.0658 -24.3474 25.3827 0 0 0 
0 10.0631 -12.3952 13.0302 9.41429 -13.0302 13.0302 9.73868 -12.7127 13.0302 0 0 0 
0 9.5556 -9.54471 13.0302 8.99061 -8.85722 13.0302 9.2731 -9.20096 13.0302 0 0 0 
0 9.32489 -10.4346 13.0302 8.81162 -9.66372 13.0302 9.06825 -10.0491 13.0302 0 0 0 
0 8.33016 -8.22767 13.0302 8.99061 -8.85722 13.0302 8.66038 -8.54245 13.0302 0 0 0 
0 8.15156 -9.33043 13.0302 8.81162 -9.66372 13.0302 8.48159 -9.49708 13.0302 0 0 0 
0 16.7525 0.43868 17.9324 16.7849 0.43427 16.7531 16.7687 0.436475 17.3427 0 0 0 
0 16.7849 0.43427 16.7531 16.7542 -0.377209 17.9205 16.7695 0.0285303 17.3368 0 0 0 
0 16.7849 0.43427 16.7531 17.9324 0.218739 16.7238 17.3586 0.326504 16.7384 0 0 0 
0 16.7542 -0.377209 17.9205 16.7303 -0.432982 16.7303 16.7423 -0.405096 17.3254 0 0 0 
0 10.0631 -12.3952 13.0302 11.1168 -12.5137 13.0302 10.5899 -12.4544 13.0302 0 0 0 
0 10.8836 -12.7476 13.6903 11.1168 -12.5137 13.0302 11.0002 -12.6306 13.3602 0 0 0 
0 10.3504 -11.6558 13.0302 11.1168 -12.5137 13.0302 10.7336 -12.0847 13.0302 0 0 0 
0 -13.7029 17.9324 17.9324 -13.9378 17.2072 17.9324 -13.8203 17.5698 17.9324 0 0 0 
0 -10.2018 13.2952 17.9324 -10.5071 14.2722 17.9324 -10.3544 13.7837 17.9324 0 0 0 
0 -10.5071 14.2722 17.9324 -9.50427 13.8486 17.9324 -10.0057 14.0604 17.9324 0 0 0 
0 -10.5071 14.2722 17.9324 -9.85303 13.5719 17.9324 -10.18 13.922 17.9324 0 0 0 
0 -8.70226 14.322 17.9018 -9.85296 14.6349 17.9324 -9.27761 14.4785 17.9171 0 0 0 
0 -11.0208 14.8138 17.9324 -10.3039 14.9742 17.9324 -10.6623 14.894 17.9324 0 0 0 
0 -12.9947 17.9324 17.9324 -13.1849 16.9763 17.9324 -13.0898 17.4543 17.9324 0 0 0 
0 -13.1849 16.9763 17.9324 -13.7029 17.9324 17.9324 -13.4439 17.4543 17.9324 0 0 0 
0 -9.85296 14.6349 17.9324 -10.5071 14.2722 17.9324 -10.18 14.4535 17.9324 0 0 0 
0 15.1074 -17.4095 17.9324 14.1669 -16.9686 17.9324 14.6372 -17.189 17.9324 0 0 0 
0 -23.0472 -0.190476 24.682 -23.0463 0.392821 25.4 -23.0468 0.101173 25.041 0 0 0 
0 -23.0472 -0.190476 24.682 -23.0296 -0.87739 25.4 -23.0384 -0.533933 25.041 0 0 0 
0 -23.0411 0.626892 23.9209 -23.0426 0.455421 24.6341 -23.0418 0.541156 24.2775 0 0 0 
0 -23.0421 0.439247 23.0421 -23.0411 0.626892 23.9209 -23.0416 0.533069 23.4815 0 0 0 
0 7.7724 6.26371 7.7724 7.7724 6.37856 6.44771 7.7724 6.32114 7.11005 0 0 0 
0 7.7724 7.7724 5.80318 7.7724 6.91495 5.56593 7.7724 7.34368 5.68455 0 0 0 
0 7.7724 7.76277 4.79135 7.7724 6.91495 5.56593 7.7724 7.33886 5.17864 0 0 0 
0 -2.33847 -2.77455 -3.46043 -2.55467 -2.55467 -2.8194 -2.44657 -2.66461 -3.13992 0 0 0 
0 -13.6693 -17.2878 -17.9324 -13.0977 -17.9324 -17.9324 -13.3835 -17.6101 -17.9324 0 0 0 
0 -0 -16.764 -17.9324 0.480087 -17.9324 -17.9324 0.240043 -17.3482 -17.9324 0 0 0 
0 -13.0977 -17.9324 -17.9324 -12.9538 -17.0212 -17.9324 -13.0258 -17.4768 -17.9324 0 0 0 
0 -10.4254 -12.1238 -13.0302 -9.77823 -13.0302 -13.0302 -10.1018 -12.577 -13.0302 0 0 0 
0 6.26371 7.7724 -7.7724 6.6734 7.42362 -8.29701 6.46856 7.59801 -8.03471 0 0 0 
0 7.22033 6.88541 -10.7953 7.60951 6.45135 -11.9561 7.41492 6.66838 -11.3757 0 0 0 
0 7.60951 6.45135 -11.9561 7.32467 6.71182 -13.0302 7.46709 6.58159 -12.4931 0 0 0 
0 -3.06587 -3.05141 -7.7724 -2.35864 -2.72474 -7.75877 -2.71226 -2.88807 -7.76559 0 0 0 
0 2.01373 3.01527 -7.7724 2.87941 3.07566 -7.7724 2.44657 3.04546 -7.7724 0 0 0 
0 2.87941 3.07566 -7.7724 2.36624 2.71193 -7.7724 2.62282 2.89379 -7.7724 0 0 0 
0 5.5788 7.7724 -7.7724 5.69178 7.01353 -7.7724 5.63529 7.39296 -7.7724 0 0 0 
0 6.11327 5.7513 -7.7724 5.47866 4.93237 -7.7724 5.79596 5.34184 -7.7724 0 0 0 
0 4.89388 7.7724 -7.7724 5.69178 7.01353 -7.7724 5.29283 7.39296 -7.7724 0 0 0 
0 6.6734 7.42362 -8.29701 6.65885 7.41319 -7.7724 6.66612 7.4184 -8.03471 0 0 0 
0 -25.4 -24.5385 -24.9073 -25.4 -24.5385 -25.4 -25.4 -24.5385 -25.1537 0 0 0 
0 -25.4 -23.677 -25.4 -25.4 -24.5385 -24.9073 -25.4 -24.1078 -25.1537 0 0 0 
0 0.864481 -3.52782 3.52782 0.20108 -4.46156 3.61937 0.53278 -3.99469 3.5736 0 0 0 
0 3.26179 -3.19975 -1.70894 3.78403 -2.64888 -2.47954 3.52291 -2.92432 -2.09424 0 0 0 
0 3.26179 -3.19975 -1.70894 4.06392 -3.03815 -1.97837 3.66285 -3.11895 -1.84365 0 0 0 
0 -0.260388 -6.04523 -3.60928 -0.319619 -5.12743 -3.59995 -0.290003 -5.58633 -3.60461 0 0 0 
0 -0.995557 -5.90742 -3.47649 -1.0384 -6.84139 -3.46323 -1.01698 -6.37441 -3.46986 0 0 0 
0 -0.864481 -3.52782 -3.52782 -0.425874 -4.26858 -3.58741 -0.645177 -3.8982 -3.55762 0 0 0 
0 -0.864481 -3.52782 -3.52782 -1.00122 -4.5529 -3.46677 -0.932853 -4.04036 -3.4973 0 0 0 
0 -0.260388 -6.04523 -3.60928 -0.149247 -6.97989 -3.60245 -0.204817 -6.51256 -3.60587 0 0 0 
0 -0.319619 -5.12743 -3.59995 -0.425874 -4.26858 -3.58741 -0.372746 -4.69801 -3.59368 0 0 0 
0 -0.878494 -23.0338 23.0338 -0.270843 -24.056 23.0465 -0.574668 -23.5449 23.0401 0 0 0 
0 -0.190507 -24.8415 23.0485 -0.502652 -25.3923 23.041 -0.34658 -25.1169 23.0447 0 0 0 
0 17.1938 -17.9324 14.1648 17.4842 -17.9324 15.0029 17.339 -17.9324 14.5839 0 0 0 
0 0 -25.4 -23.0463 -0.453677 -24.6829 -23.0381 -0.226839 -25.0414 -23.0422 0 0 0 
0 -0.453677 -24.6829 -23.0381 -0.657963 -25.4 -23.0296 -0.55582 -25.0414 -23.0338 0 0 0 
0 -0.767251 -23.015 -23.015 -0.240008 -23.6388 -23.0474 -0.50363 -23.3269 -23.0312 0 0 0 
0 -0.932121 -24.0506 -23.0292 -0.453677 -24.6829 -23.0381 -0.692899 -24.3667 -23.0336 0 0 0 
0 0.219943 -23.0463 -23.0463 -0.240008 -23.6388 -23.0474 -0.010033 -23.3426 -23.0468 0 0 0 
0 -1.31484 -17.9324 16.7066 -1.27861 -17.9324 17.9324 -1.29672 -17.9324 17.3195 0 0 0 
0 0.43868 -17.9324 16.7525 -5.55112e-17 -17.9324 17.9324 0.21934 -17.9324 17.3425 0 0 0 
0 14.1669 -16.9686 17.9324 13.3448 -17.9324 17.9128 13.7558 -17.4505 17.9226 0 0 0 
0 13.3448 -17.9324 17.9128 12.9295 -17.3741 17.9324 13.1371 -17.6533 17.9226 0 0 0 
0 12.1048 -17.9324 17.9016 12.9295 -17.3741 17.9324 12.5172 -17.6533 17.917 0 0 0 
0 -1.31484 -17.9324 16.7066 -1.2833 -16.6618 16.7467 -1.29907 -17.2971 16.7267 0 0 0 
0 0.114201 -16.7612 16.7795 0.43868 -17.9324 16.7525 0.276441 -17.3468 16.766 0 0 0 
0 13.5848 -17.2565 9.81608 13.588 -17.9324 9.76837 13.5864 -17.5945 9.79222 0 0 0 
0 -7.7724 -7.7724 6.26371 -7.90487 -8.66725 6.09148 -7.83863 -8.21983 6.1776 0 0 0 
0 -8.389 -8.41699 5.3987 -7.90487 -8.66725 6.09148 -8.14693 -8.54212 5.74509 0 0 0 
0 -8.389 -8.41699 5.3987 -7.89002 -9.33694 6.0538 -8.13951 -8.87697 5.72625 0 0 0 
0 -7.89002 -9.33694 6.0538 -7.90487 -8.66725 6.09148 -7.89744 -9.0021 6.07264 0 0 0 
0 -7.9148 -10.7946 6.07259 -7.74293 -11.6126 6.29368 -7.82887 -11.2036 6.18313 0 0 0 
0 -7.59756 -12.5542 6.44582 -7.32467 -13.0302 6.71182 -7.46112 -12.7922 6.57882 0 0 0 
0 -7.91187 -13.0302 6.07099 -8.00392 -12.277 5.95815 -7.9579 -12.6536 6.01457 0 0 0 
0 -8.37888 -13.0302 5.33794 -8.00392 -12.277 5.95815 -8.1914 -12.6536 5.64804 0 0 0 
0 -7.05399 -7.7724 7.05399 -7.57795 -8.3906 6.48792 -7.31597 -8.0815 6.77095 0 0 0 
0 -7.42588 -10.2269 6.66491 -7.39354 -9.08366 6.70005 -7.40971 -9.65528 6.68248 0 0 0 
0 -7.42588 -10.2269 6.66491 -7.37338 -11.272 6.71561 -7.39963 -10.7495 6.69026 0 0 0 
0 -7.57795 -8.3906 6.48792 -7.39354 -9.08366 6.70005 -7.48574 -8.73713 6.59398 0 0 0 
0 6.41643 -13.0302 -7.64681 6.87894 -12.386 -7.22762 6.64769 -12.7081 -7.43721 0 0 0 
0 6.87894 -12.386 -7.22762 6.88454 -13.0302 -7.19213 6.88174 -12.7081 -7.20987 0 0 0 
0 -2.04597 3.04466 7.7724 -2.88148 3.971 7.7724 -2.46373 3.50783 7.7724 0 0 0 
0 -24.7522 24.8031 25.4 -24.1523 25.4 25.4 -24.4523 25.1015 25.4 0 0 0 
0 -24.3039 25.4 24.458 -24.1523 25.4 25.4 -24.2281 25.4 24.929 0 0 0 
0 -1.00064 7.7724 -7.72123 -0.808626 7.7724 -7.19054 -0.904631 7.7724 -7.45588 0 0 0 
0 17.4095 17.9324 15.1074 17.4832 18.8312 15.0204 17.4464 18.3818 15.0639 0 0 0 
0 16.6894 17.9324 1.53328 17.9324 17.9324 1.5635 17.3109 17.9324 1.54839 0 0 0 
0 16.6894 17.9324 1.53328 17.9324 17.9324 0.41552 17.3109 17.9324 0.974398 0 0 0 
0 17.9324 17.9324 0.41552 16.7181 17.9324 0.437779 17.3252 17.9324 0.426649 0 0 0 
0 16.7434 17.8892 -0.80453 17.9324 17.9324 -0.732455 17.3379 17.9108 -0.768492 0 0 0 
0 17.9324 17.9324 -0.732455 16.7181 17.9324 0.437779 17.3252 17.9324 -0.147338 0 0 0 
0 17.9324 16.7066 -1.31484 17.9324 17.9324 -0.732455 17.9324 17.3195 -1.02365 0 0 0 
0 17.9324 16.7066 -1.31484 17.9324 17.9324 -1.4353 17.9324 17.3195 -1.37507 0 0 0 
0 -7.7724 -7.05399 7.05399 -7.7724 -6.61831 6.2632 -7.7724 -6.83615 6.65859 0 0 0 
0 -14.0425 -12.6896 10.9518 -13.0302 -12.3583 11.2722 -13.5363 -12.5239 11.112 0 0 0 
0 -13.0302 -12.292 10.2684 -13.0302 -12.3583 11.2722 -13.0302 -12.3251 10.7703 0 0 0 
0 -13.0302 -11.4788 10.5468 -13.0302 -12.3583 11.2722 -13.0302 -11.9185 10.9095 0 0 0 
0 -17.9324 17.1667 -14.1672 -17.9324 17.4641 -15.0198 -17.9324 17.3154 -14.5935 0 0 0 
0 17.9324 -17.0538 -14.4173 17.9324 -17.4641 -15.0198 17.9324 -17.2589 -14.7186 0 0 0 
0 17.9459 -16.9907 -15.5733 17.9324 -17.0538 -14.4173 17.9391 -17.0223 -14.9953 0 0 0 
0 6.9852 -7.12277 7.7724 6.31653 -6.51423 7.7724 6.65086 -6.8185 7.7724 0 0 0 
0 -12.0172 -13.0302 -10.7717 -12.4693 -13.0302 -11.2043 -12.2432 -13.0302 -10.988 0 0 0 
0 -11.9749 -13.0302 -11.7097 -12.0172 -13.0302 -10.7717 -11.996 -13.0302 -11.2407 0 0 0 
0 7.35264 -13.0302 -6.73746 8.26953 -13.0302 -6.67113 7.81109 -13.0302 -6.70429 0 0 0 
0 7.35264 -13.0302 -6.73746 7.67977 -13.0302 -7.45655 7.51621 -13.0302 -7.097 0 0 0 
0 -1.5346 -25.4 22.9962 -0.502652 -25.3923 23.041 -1.01862 -25.3962 23.0186 0 0 0 
0 -0.502652 -25.3923 23.041 -1.13846 -24.7936 23.0216 -0.820557 -25.093 23.0313 0 0 0 
0 -0.270843 -24.056 23.0465 -1.13846 -24.7936 23.0216 -0.704652 -24.4248 23.0341 0 0 0 
0 -0.190507 -24.8415 23.0485 -0.34658 -25.1169 23.0447 -0.268543 -24.9792 23.0466 0 0 0 
0 -0.502652 -25.3923 23.041 -0.34658 -25.1169 23.0447 -0.424616 -25.2546 23.0428 0 0 0 
0 -0.190507 -24.8415 23.0485 -1.13846 -24.7936 23.0216 -0.664484 -24.8175 23.035 0 0 0 
0 -0.796443 7.7724 3.58079 -0.0843374 6.88773 3.62414 -0.44039 7.33007 3.60246 0 0 0 
0 -0.796443 7.7724 3.58079 -0.53444 7.7724 4.76829 -0.665441 7.7724 4.17454 0 0 0 
0 -1.28726 7.75792 -3.40081 -0.260603 7.7724 -4.65234 -0.77393 7.76516 -4.02658 0 0 0 
0 -0.869242 -7.7724 -3.52665 -1.0384 -6.84139 -3.46323 -0.953823 -7.3069 -3.49494 0 0 0 
0 -1.68797 -7.7724 -3.21615 -1.0384 -6.84139 -3.46323 -1.36319 -7.3069 -3.33969 0 0 0 
0 -0.869242 -7.7724 -3.52665 -0.149247 -6.97989 -3.60245 -0.509244 -7.37615 -3.56455 0 0 0 
0 -0.869242 -7.7724 3.52665 -0.0314389 -6.90961 3.62917 -0.45034 -7.34101 3.57791 0 0 0 
0 -0.864481 3.52782 3.52782 -0.21593 3.61509 4.33631 -0.540205 3.57146 3.93207 0 0 0 
0 -0.437813 3.60572 7.7724 -0.119061 3.62183 6.9583 -0.278437 3.61377 7.36535 0 0 0 
0 24.7317 -24.6751 25.4 24.6234 -25.4 25.4 24.6775 -25.0375 25.4 0 0 0 
0 0.213622 -25.4 24.923 0.651938 -25.4 25.4 0.43278 -25.4 25.1615 0 0 0 
0 0.827498 7.74818 -3.53237 0.45008 7.7724 -4.45281 0.638789 7.76029 -3.99259 0 0 0 
0 0.827498 7.74818 -3.53237 0.442782 7.03638 -3.59817 0.63514 7.39228 -3.56527 0 0 0 
0 7.83147 8.70484 6.18563 8.37653 8.37653 5.41792 8.104 8.54069 5.80177 0 0 0 
0 -1.6613 13.0302 13.0302 -1.05463 13.0302 12.2067 -1.35796 13.0302 12.6185 0 0 0 
0 -0.435003 13.0302 9.96321 0.0559536 13.0302 10.7015 -0.189525 13.0302 10.3323 0 0 0 
0 13.2753 17.8871 10.2281 13.0106 17.2782 10.5666 13.143 17.5827 10.3974 0 0 0 
0 13.0302 13.0302 10.5473 13.198 14.2283 10.3334 13.1141 13.6292 10.4403 0 0 0 
0 13.198 14.2283 10.3334 13.5254 13.5254 9.86567 13.3617 13.8768 10.0995 0 0 0 
0 12.7228 13.772 10.9155 12.55 13.0302 11.0371 12.6364 13.4011 10.9763 0 0 0 
0 13.0266 16.6097 10.546 12.8859 15.7573 10.7175 12.9563 16.1835 10.6317 0 0 0 
0 -0.850874 17.9324 16.7417 -0.50796 17.9324 17.3326 -0.679417 17.9324 17.0372 0 0 0 
0 18.8877 18.1347 14.2256 18.3362 18.3362 13.966 18.612 18.2354 14.0958 0 0 0 
0 18.7278 18.7278 13.4345 18.8877 18.1347 14.2256 18.8078 18.4313 13.8301 0 0 0 
0 -24.3039 25.4 24.458 -25.4 25.4 24.6148 -24.8519 25.4 24.5364 0 0 0 
0 -12.3057 -7.0041 7.11113 -13.0302 -7.3902 6.69647 -12.6679 -7.19715 6.9038 0 0 0 
0 -8.389 -8.41699 5.3987 -8.8315 -7.94 6.04831 -8.61025 -8.17849 5.7235 0 0 0 
0 -13.0302 6.76205 -7.38747 -13.0302 7.46193 -7.64225 -13.0302 7.11199 -7.51486 0 0 0 
0 -13.0302 12.3859 -11.2934 -13.0302 12.086 -10.6246 -13.0302 12.2359 -10.959 0 0 0 
0 -13.0302 7.78954 -8.30206 -13.0302 7.46193 -7.64225 -13.0302 7.62573 -7.97215 0 0 0 
0 -13.0302 8.25658 -7.76508 -13.0302 8.39758 -8.70726 -13.0302 8.32708 -8.23617 0 0 0 
0 -16.7559 0.791087 -16.7436 -17.9324 1.60374 -16.6839 -17.3442 1.19741 -16.7137 0 0 0 
0 -17.9236 0.45447 -16.7522 -16.7559 0.791087 -16.7436 -17.3398 0.622778 -16.7479 0 0 0 
0 -16.7559 0.791087 -16.7436 -17.9324 -0.438079 -16.7296 -17.3442 0.176504 -16.7366 0 0 0 
0 -17.9324 2.38389 -16.6252 -16.6188 2.15921 -16.6188 -17.2756 2.27155 -16.622 0 0 0 
0 -16.6188 2.15921 -16.6188 -17.9324 1.60374 -16.6839 -17.2756 1.88148 -16.6513 0 0 0 
0 -16.6903 -1.52629 -16.6903 -17.9324 -2.29212 -16.5722 -17.3113 -1.90921 -16.6312 0 0 0 
0 -16.7527 -0.434138 -16.7527 -17.9324 -0.438079 -16.7296 -17.3426 -0.436109 -16.7412 0 0 0 
0 -25.4 19.2898 -12.6992 -24.4826 18.8838 -13.2157 -24.9413 19.0868 -12.9575 0 0 0 
0 -18.7278 18.7278 -13.4345 -18.9561 18.0228 -14.3674 -18.8419 18.3753 -13.9009 0 0 0 
0 -18.9561 18.0228 -14.3674 -18.3301 18.3301 -13.9587 -18.6431 18.1765 -14.163 0 0 0 
0 -19.6683 18.0344 -14.3535 -18.9561 18.0228 -14.3674 -19.3122 18.0286 -14.3604 0 0 0 
0 -23.7078 19.0402 -12.9889 -24.4826 18.8838 -13.2157 -24.0952 18.962 -13.1023 0 0 0 
0 -23.7861 18.3531 -13.9437 -23.0416 18.5066 -13.737 -23.4139 18.4298 -13.8404 0 0 0 
0 13.0302 6.73746 7.35264 13.0302 7.42977 7.70866 13.0302 7.08361 7.53065 0 0 0 
0 13.0302 12.3378 10.1865 13.0302 12.5574 11.101 13.0302 12.4476 10.6438 0 0 0 
0 13.0302 9.43677 9.63439 13.0302 10.1743 10.1976 13.0302 9.80555 9.91598 0 0 0 
0 14.0355 12.8351 10.783 13.0302 12.5574 11.101 13.5329 12.6962 10.942 0 0 0 
0 17.9324 12.7431 10.8836 17.1521 12.9834 10.5988 17.5423 12.8632 10.7412 0 0 0 
0 17.1521 12.9834 10.5988 17.9324 13.0395 10.5534 17.5423 13.0114 10.5761 0 0 0 
0 17.9324 13.8109 9.49198 17.2953 13.592 9.80671 17.6139 13.7014 9.64935 0 0 0 
0 16.5746 13.2658 10.247 17.2953 13.592 9.80671 16.935 13.4289 10.0269 0 0 0 
0 17.9324 13.3359 10.2232 17.1521 12.9834 10.5988 17.5423 13.1596 10.411 0 0 0 
0 17.9324 14.0016 11.1184 17.9324 13.3359 10.2232 17.9324 13.6688 10.6708 0 0 0 
0 17.9324 14.0016 11.1184 17.9324 13.0395 10.5534 17.9324 13.5206 10.8359 0 0 0 
0 17.9324 17.1342 14.1096 17.9324 17.9324 13.5366 17.9324 17.5333 13.8231 0 0 0 
0 17.9324 17.1342 14.1096 17.9324 17.3253 15.1688 17.9324 17.2298 14.6392 0 0 0 
0 17.9324 14.9886 11.4641 17.9324 15.5771 12.4944 17.9324 15.2829 11.9792 0 0 0 
0 17.9324 17.9324 12.5903 17.9324 17.0754 13.1088 17.9324 17.5039 12.8495 0 0 0 
0 17.9324 17.0754 13.1088 17.9324 17.9324 13.5366 17.9324 17.5039 13.3227 0 0 0 
0 17.9324 16.045 11.861 17.9324 16.4323 12.7659 17.9324 16.2387 12.3135 0 0 0 
0 23.0485 0.202767 23.6604 23.0192 0.547949 23.0192 23.0338 0.375358 23.3398 0 0 0 
0 3.14859 2.56457 2.57213 3.23973 3.23973 1.64227 3.19416 2.90215 2.1072 0 0 0 
0 3.14859 2.56457 2.57213 2.82758 2.5741 2.55467 2.98808 2.56934 2.5634 0 0 0 
0 3.14859 2.56457 2.57213 2.83577 2.3288 2.8194 2.99218 2.44669 2.69577 0 0 0 
0 3.14859 2.56457 2.57213 3.23973 1.64227 3.23973 3.19416 2.10342 2.90593 0 0 0 
0 25.4 -25.4 -24.3941 25.4 -24.2994 -24.4491 25.4 -24.8497 -24.4216 0 0 0 
0 24.6234 -25.4 25.4 25.4 -25.4 24.6909 25.0117 -25.4 25.0455 0 0 0 
0 5.71379 -8.18517 8.18517 6.24248 -7.78641 8.95725 5.97813 -7.98579 8.57121 0 0 0 
0 6.96754 -7.17764 13.0302 6.83723 -7.26628 12.0839 6.90238 -7.22196 12.557 0 0 0 
0 6.86531 -7.245 11.3337 6.83723 -7.26628 12.0839 6.85127 -7.25564 11.7088 0 0 0 
0 7.37467 -6.71759 11.5755 7.31121 -6.79041 12.3182 7.34294 -6.754 11.9469 0 0 0 
0 -9.68975 13.0302 13.0302 -10.1796 12.3012 13.0302 -9.93468 12.6657 13.0302 0 0 0 
0 -10.1796 12.3012 13.0302 -11.1168 12.5137 13.0302 -10.6482 12.4074 13.0302 0 0 0 
0 -7.54358 8.00466 13.0302 -7.43412 7.35824 13.0302 -7.48885 7.68145 13.0302 0 0 0 
0 -9.66475 10.5274 13.0302 -8.9834 9.90075 13.0302 -9.32408 10.2141 13.0302 0 0 0 
0 -11.1168 12.5137 13.0302 -10.9594 12.6829 13.6766 -11.0381 12.5983 13.3534 0 0 0 
0 -9.6532 13.7006 13.7006 -10.3248 13.2046 14.4813 -9.98901 13.4526 14.0909 0 0 0 
0 0.0998761 17.9324 16.7614 -0.0161498 17.9324 17.9324 0.0418631 17.9324 17.3469 0 0 0 
0 -0.0161498 17.9324 17.9324 -0.50796 17.9324 17.3326 -0.262055 17.9324 17.6325 0 0 0 
0 16.4359 -16.1259 25.4 16.2756 -16.2935 24.7896 16.3557 -16.2097 25.0948 0 0 0 
0 17.1503 -15.397 25.3782 17.2695 -16.6089 25.4 17.2099 -16.0029 25.3891 0 0 0 
0 17.1503 -15.397 25.3782 16.4359 -16.1259 25.4 16.7931 -15.7615 25.3891 0 0 0 
0 16.4359 -16.1259 25.4 16.7932 -15.7863 24.46 16.6145 -15.9561 24.93 0 0 0 
0 23.0213 -1.09678 25.4 23.0503 -0.0226049 24.4151 23.0358 -0.559691 24.9076 0 0 0 
0 7.7724 -7.05399 -7.05399 7.7724 -6.83688 -6.21863 7.7724 -6.94543 -6.63631 0 0 0 
0 7.7724 -4.95261 -4.35452 7.7724 -5.41497 -5.34518 7.7724 -5.18379 -4.84985 0 0 0 
0 2.46602 2.6578 -3.43032 2.55467 2.55467 -2.8194 2.51034 2.60624 -3.12486 0 0 0 
0 14.5224 17.899 -19.1438 13.803 18.4398 -18.4398 14.1627 18.1694 -18.7918 0 0 0 
0 14.5224 17.899 -19.1438 14.5694 17.859 -20.3788 14.5459 17.879 -19.7613 0 0 0 
0 14.6123 17.824 -21.511 14.5694 17.859 -20.3788 14.5909 17.8415 -20.9449 0 0 0 
0 15.2861 17.208 -20.7396 15.1262 17.3573 -19.6566 15.2061 17.2827 -20.1981 0 0 0 
0 9.88107 13.5493 -17.9324 10.6902 13.7672 -17.9324 10.2856 13.6583 -17.9324 0 0 0 
0 10.6902 13.7672 -17.9324 10.2037 13.2978 -17.9324 10.4469 13.5325 -17.9324 0 0 0 
0 14.2987 17.1216 -17.9324 15.0198 17.4641 -17.9324 14.6593 17.2928 -17.9324 0 0 0 
0 12.2328 16.342 -17.9324 12.1244 15.4568 -17.9324 12.1786 15.8994 -17.9324 0 0 0 
0 12.9362 15.9279 -17.9324 13.1032 16.5513 -17.9324 13.0197 16.2396 -17.9324 0 0 0 
0 10.525 13.0455 -14.0698 11.1168 12.5137 -13.0302 10.8209 12.7796 -13.55 0 0 0 
0 7.32467 6.71182 -13.0302 7.47458 7.40087 -13.0302 7.39962 7.05635 -13.0302 0 0 0 
0 10.1046 12.1491 -13.0302 11.1168 12.5137 -13.0302 10.6107 12.3314 -13.0302 0 0 0 
0 -6.41643 -7.64681 -13.0302 -6.11472 -7.8882 -12.1726 -6.26557 -7.7675 -12.6014 0 0 0 
0 -5.74212 -8.19953 -8.1621 -6.38741 -7.66939 -8.49465 -6.06476 -7.93446 -8.32837 0 0 0 
0 -6.36576 -7.68516 -11.4194 -6.1535 -7.85529 -10.6516 -6.25963 -7.77023 -11.0355 0 0 0 
0 1.07474 -7.7724 -7.73725 0.197933 -7.7724 -6.87525 0.636336 -7.7724 -7.30625 0 0 0 
0 -24.8671 -24.9941 -25.4 -24.3257 -25.4 -25.4 -24.5964 -25.1971 -25.4 0 0 0 
0 -24.8671 -24.9941 -25.4 -25.4 -24.5385 -25.4 -25.1336 -24.7663 -25.4 0 0 0 
0 -15.2581 -17.2735 -25.4 -16.1675 -17.6297 -25.4 -15.7128 -17.4516 -25.4 0 0 0 
0 -22.4497 -21.5882 -25.4 -21.6239 -20.7229 -25.4 -22.0368 -21.1556 -25.4 0 0 0 
0 -17.0069 -17.4712 -25.4 -17.5576 -18.0437 -25.4 -17.2823 -17.7574 -25.4 0 0 0 
0 -16.8145 -18.4524 -25.4 -16.1675 -17.6297 -25.4 -16.491 -18.041 -25.4 0 0 0 
0 -25.4 -23.677 -25.4 -24.3257 -24.5385 -25.4 -24.8629 -24.1078 -25.4 0 0 0 
0 -25.4 -23.677 -25.4 -24.3257 -23.677 -25.4 -24.8629 -23.677 -25.4 0 0 0 
0 -24.3257 -24.5385 -25.4 -25.4 -24.5385 -25.4 -24.8629 -24.5385 -25.4 0 0 0 
0 -24.3257 -23.677 -25.4 -25.4 -22.8155 -25.4 -24.8629 -23.2463 -25.4 0 0 0 
0 -24.3257 -24.5385 -25.4 -24.3257 -25.4 -25.4 -24.3257 -24.9693 -25.4 0 0 0 
0 0.869242 -7.7724 3.52665 0.40063 -7.7724 4.31661 0.634936 -7.7724 3.92163 0 0 0 
0 1.20462 -25.4 -22.9837 0.621809 -25.4 -23.5774 0.913216 -25.4 -23.2806 0 0 0 
0 -17.0826 -17.9324 -13.5614 -17.8913 -17.9324 -13.6942 -17.4869 -17.9324 -13.6278 0 0 0 
0 -17.9324 -17.9324 13.3309 -17.9324 -17.2306 13.8235 -17.9324 -17.5815 13.5772 0 0 0 
0 -17.9324 -16.741 0.87736 -17.8949 -17.9324 0.469158 -17.9137 -17.3367 0.673259 0 0 0 
0 -16.7525 -17.9324 0.43868 -17.8949 -17.9324 0.469158 -17.3237 -17.9324 0.453919 0 0 0 
0 -16.7401 -17.9324 -0.889052 -17.9089 -17.9324 -0.934079 -17.3245 -17.9324 -0.911565 0 0 0 
0 -17.9324 -17.9324 -12.9458 -17.0826 -17.9324 -13.5614 -17.5075 -17.9324 -13.2536 0 0 0 
0 -17.9324 -17.9324 12.6942 -17.9324 -17.3194 12.8392 -17.9324 -17.6259 12.7667 0 0 0 
0 -17.9124 -17.9324 12.0914 -17.9324 -17.3194 12.8392 -17.9224 -17.6259 12.4653 0 0 0 
0 -17.9324 -17.9324 13.3309 -17.9324 -17.3194 12.8392 -17.9324 -17.6259 13.085 0 0 0 
0 -14.2888 -17.9324 -8.75616 -13.9028 -17.0277 -9.36312 -14.0958 -17.48 -9.05964 0 0 0 
0 -13.9028 -17.0277 -9.36312 -13.2694 -17.2856 -10.2407 -13.5861 -17.1567 -9.80192 0 0 0 
0 -13.4837 -13.4837 -9.96098 -12.7675 -13.6553 -10.8599 -13.1256 -13.5695 -10.4105 0 0 0 
0 -13.4837 -13.4837 -9.96098 -13.0976 -14.3848 -10.4619 -13.2907 -13.9343 -10.2114 0 0 0 
0 -12.4693 -13.0302 -11.2043 -12.7675 -13.6553 -10.8599 -12.6184 -13.3428 -11.0321 0 0 0 
0 -13.2694 -17.2856 -10.2407 -13.5616 -16.4331 -9.85193 -13.4155 -16.8593 -10.0463 0 0 0 
0 6.67843 -13.0302 7.40673 7.36355 -13.0302 7.51268 7.02099 -13.0302 7.45971 0 0 0 
0 8.12125 -13.0302 9.55881 8.71599 -13.0302 9.89919 8.41862 -13.0302 9.729 0 0 0 
0 9.14868 -13.0302 8.67685 8.34806 -13.0302 8.4932 8.74837 -13.0302 8.58503 0 0 0 
0 9.14868 -13.0302 8.67685 9.71509 -13.0302 9.61787 9.43189 -13.0302 9.14736 0 0 0 
0 11.9971 -13.0302 11.6863 11.5256 -13.0302 10.5551 11.7613 -13.0302 11.1207 0 0 0 
0 11.5256 -13.0302 10.5551 12.5137 -13.0302 11.1168 12.0196 -13.0302 10.8359 0 0 0 
0 13.0302 -13.0302 9.22889 12.0698 -13.0302 10.047 12.55 -13.0302 9.63796 0 0 0 
0 12.0698 -13.0302 10.047 12.5137 -13.0302 11.1168 12.2917 -13.0302 10.5819 0 0 0 
0 10.5503 -13.0302 10.0277 9.71509 -13.0302 9.61787 10.1327 -13.0302 9.82277 0 0 0 
0 8.27079 -13.0302 7.58513 8.34806 -13.0302 8.4932 8.30943 -13.0302 8.03916 0 0 0 
0 7.59654 -13.0302 8.25406 7.36355 -13.0302 7.51268 7.48004 -13.0302 7.88337 0 0 0 
0 7.05399 -7.7724 -7.05399 7.73366 -8.41474 -6.31064 7.39382 -8.09357 -6.68231 0 0 0 
0 -25.4 16.1023 16.4879 -25.4 16.3965 17.2652 -25.4 16.2494 16.8766 0 0 0 
0 -25.4 24.4757 24.7356 -25.4 25.4 24.6148 -25.4 24.9378 24.6752 0 0 0 
0 -25.4 24.4757 24.7356 -25.4 24.7231 25.4 -25.4 24.5994 25.0678 0 0 0 
0 -25.4 22.9534 22.6719 -25.4 23.4234 23.5416 -25.4 23.1884 23.1068 0 0 0 
0 -25.4 24.0627 25.4 -25.4 24.4757 24.7356 -25.4 24.2692 25.0678 0 0 0 
0 0.530785 -25.4 -24.5912 1.04854 -25.3833 -25.4 0.789662 -25.3916 -24.9956 0 0 0 
0 0.530785 -25.4 -24.5912 0.453993 -25.3916 -25.4 0.492389 -25.3958 -24.9956 0 0 0 
0 0.864481 3.52782 -3.52782 0.699694 4.30951 -3.5565 0.782087 3.91867 -3.54216 0 0 0 
0 1.64227 3.23973 -3.23973 2.18579 2.89465 -4.01083 1.91403 3.06719 -3.62528 0 0 0 
0 1.64227 3.23973 -3.23973 2.46602 2.6578 -3.43032 2.05414 2.94877 -3.33502 0 0 0 
0 -5.06317 7.7724 7.7724 -5.5872 7.10217 7.7724 -5.32518 7.43728 7.7724 0 0 0 
0 6.86716 13.0124 7.23402 7.47345 12.2791 6.61755 7.1703 12.6457 6.92578 0 0 0 
0 6.86716 13.0124 7.23402 7.90443 13.0302 7.21542 7.38579 13.0213 7.22472 0 0 0 
0 13.0302 12.3378 10.1865 13.0302 13.0302 9.77823 13.0302 12.684 9.98235 0 0 0 
0 9.49084 13.0302 -13.0302 10.1046 12.1491 -13.0302 9.7977 12.5896 -13.0302 0 0 0 
0 -0.387035 17.9324 -16.7838 -0.171094 16.7596 -16.7596 -0.279065 17.346 -16.7717 0 0 0 
0 1.24424 16.7122 -16.7122 1.31484 17.9324 -16.7066 1.27954 17.3223 -16.7094 0 0 0 
0 9.9242 13.5707 -13.5096 10.525 13.0455 -14.0698 10.2246 13.3081 -13.7897 0 0 0 
0 -0.287277 16.8045 -17.9324 -0.171094 16.7596 -16.7596 -0.229185 16.782 -17.346 0 0 0 
0 -0.287277 16.8045 -17.9324 -0.640539 17.9324 -17.9324 -0.463908 17.3684 -17.9324 0 0 0 
0 0.23587 17.9324 -17.8957 -0.640539 17.9324 -17.9324 -0.202334 17.9324 -17.914 0 0 0 
0 -0.985403 17.3189 -17.9324 -0.640539 17.9324 -17.9324 -0.812971 17.6256 -17.9324 0 0 0 
0 1.31484 17.9324 -16.7066 1.53546 17.9324 -17.9324 1.42515 17.9324 -17.3195 0 0 0 
0 3.13121 17.9324 -16.4633 3.03518 17.9324 -17.8955 3.08319 17.9324 -17.1794 0 0 0 
0 13.4526 17.9324 -17.9324 14.2987 17.1216 -17.9324 13.8756 17.527 -17.9324 0 0 0 
0 13.4233 17.1061 -17.9324 13.4526 17.9324 -17.9324 13.4379 17.5192 -17.9324 0 0 0 
0 12.5157 17.9164 -17.9324 13.4233 17.1061 -17.9324 12.9695 17.5112 -17.9324 0 0 0 
0 -16.4444 25.4 17.4361 -15.6046 25.4 17.0186 -16.0245 25.4 17.2273 0 0 0 
0 17.2737 25.4 15.2578 17.659 24.662 14.8132 17.4663 25.031 15.0355 0 0 0 
0 24.7654 25.4 -24.4257 25.4 25.4 -24.6781 25.0827 25.4 -24.5519 0 0 0 
0 25.4 24.8989 24.7352 25.4 25.3683 24.2265 25.4 25.1336 24.4809 0 0 0 
0 24.1644 25.4 -23.5911 25.4 25.4 -23.9562 24.7822 25.4 -23.7736 0 0 0 
0 25.4 25.4 -23.9562 24.7654 25.4 -24.4257 25.0827 25.4 -24.191 0 0 0 
0 -7.7724 -1.98851 3.02851 -7.7724 -2.82268 3.46835 -7.7724 -2.40559 3.24843 0 0 0 
0 -7.7724 -1.98851 3.02851 -6.94009 -2.22635 2.85601 -7.35624 -2.10743 2.94226 0 0 0 
0 -7.7724 3.22826 -1.69609 -6.94621 2.81643 -2.27925 -7.3593 3.02235 -1.98767 0 0 0 
0 -17.9324 0 16.764 -16.7531 0.434308 16.794 -17.3428 0.217154 16.779 0 0 0 
0 -17.9324 -13.0664 10.4964 -17.5916 -13.0948 10.463 -17.762 -13.0806 10.4797 0 0 0 
0 -17.9324 -13.0664 10.4964 -17.5916 -12.8468 10.7843 -17.762 -12.9566 10.6404 0 0 0 
0 -17.9324 -13.5244 11.1434 -17.9324 -13.3144 10.175 -17.9324 -13.4194 10.6592 0 0 0 
0 -17.2507 -13.1232 10.4295 -17.5916 -13.0948 10.463 -17.4211 -13.109 10.4462 0 0 0 
0 -17.2507 -13.1232 10.4295 -17.9324 -13.3144 10.175 -17.5916 -13.2188 10.3023 0 0 0 
0 -17.9324 -13.0664 10.4964 -17.9324 -13.3144 10.175 -17.9324 -13.1904 10.3357 0 0 0 
0 -17.2507 -13.1232 10.4295 -17.5916 -12.8468 10.7843 -17.4211 -12.985 10.6069 0 0 0 
0 -17.9236 0.45447 -16.7522 -17.9324 0.5316 -17.9324 -17.928 0.493035 -17.3423 0 0 0 
0 -25.4 -18.2512 14.0739 -25.4 -17.6152 14.8286 -25.4 -17.9332 14.4513 0 0 0 
0 -25.4 -17.6152 14.8286 -25.4 -18.3861 14.9093 -25.4 -18.0006 14.869 0 0 0 
0 -25.4 -17.6152 14.8286 -25.4 -17.8062 15.7842 -25.4 -17.7107 15.3064 0 0 0 
0 -25.4 -16.8479 -15.765 -25.4 -17.1568 -16.8028 -25.4 -17.0023 -16.2839 0 0 0 
0 -18.415 -18.4596 13.8633 -19.0682 -17.9494 14.4601 -18.7416 -18.2045 14.1617 0 0 0 
0 8.20856 -8.20856 -5.68014 8.40524 -7.79962 -6.2235 8.3069 -8.00409 -5.95182 0 0 0 
0 8.20856 -8.20856 -5.68014 7.73366 -8.41474 -6.31064 7.97111 -8.31165 -5.99539 0 0 0 
0 8.20856 -8.20856 -5.68014 9.06959 -7.74782 -6.24934 8.63907 -7.97819 -5.96474 0 0 0 
0 8.20856 -8.20856 -5.68014 9.10139 -8.20923 -5.67689 8.65497 -8.20889 -5.67851 0 0 0 
0 8.5003 -8.5003 -5.19574 9.10139 -8.20923 -5.67689 8.80085 -8.35476 -5.43632 0 0 0 
0 8.82005 -8.76873 -4.7559 9.10139 -8.20923 -5.67689 8.96072 -8.48898 -5.21639 0 0 0 
0 7.7724 7.05045 7.00002 7.7724 6.37856 6.44771 7.7724 6.71451 6.72386 0 0 0 
0 7.7724 7.05045 7.00002 8.52345 7.30909 6.78967 8.14792 7.17977 6.89485 0 0 0 
0 13.6826 -13.7389 9.67876 13.2389 -14.1147 10.2822 13.4607 -13.9268 9.9805 0 0 0 
0 25.3572 -15.4439 -17.1064 25.4 -16.5797 -17.4201 25.3786 -16.0118 -17.2633 0 0 0 
0 7.74053 -3.21329 -1.69286 6.88516 -2.9811 -2.04905 7.31285 -3.09719 -1.87096 0 0 0 
0 6.68958 2.21743 2.86213 7.7724 2.06332 2.98924 7.23099 2.14038 2.92569 0 0 0 
0 25.4 -24.2994 -24.4491 25.4 -24.3288 -25.4 25.4 -24.3141 -24.9245 0 0 0 
0 25.4 24.351 -25.3521 25.4 25.4 -24.6781 25.4 24.8755 -25.0151 0 0 0 
0 25.4 24.351 -25.3521 24.8042 24.8788 -25.4 25.1021 24.6149 -25.376 0 0 0 
0 7.7724 5.27493 7.7724 7.7724 6.37856 6.44771 7.7724 5.82675 7.11005 0 0 0 
0 -6.73334 7.42663 13.0302 -7.43412 7.35824 13.0302 -7.08373 7.39244 13.0302 0 0 0 
0 -6.73334 7.42663 13.0302 -7.54358 8.00466 13.0302 -7.13846 7.71565 13.0302 0 0 0 
0 -6.73334 7.42663 13.0302 -7.06396 7.051 12.0177 -6.89865 7.23882 12.524 0 0 0 
0 7.63696 -7.67581 13.0302 7.48518 -6.56474 13.0302 7.56107 -7.12027 13.0302 0 0 0 
0 7.31121 -6.79041 12.3182 7.48518 -6.56474 13.0302 7.39819 -6.67757 12.6742 0 0 0 
0 -17.9324 -0.794166 17.9324 -16.721 -0.547298 17.9324 -17.3267 -0.670732 17.9324 0 0 0 
0 -17.9324 -2.29704 17.9324 -16.5435 -2.50935 17.9324 -17.238 -2.4032 17.9324 0 0 0 
0 -16.7531 0.434308 16.794 -16.7525 0.43868 17.9324 -16.7528 0.436494 17.3632 0 0 0 
0 -16.7525 0.43868 17.9324 -16.6858 1.29667 16.6858 -16.7191 0.867677 17.3091 0 0 0 
0 -17.9324 0.164077 17.9324 -16.721 -0.547298 17.9324 -17.3267 -0.19161 17.9324 0 0 0 
0 -16.7525 0.43868 17.9324 -17.9324 0.164077 17.9324 -17.3425 0.301379 17.9324 0 0 0 
0 -16.6997 1.40189 17.9324 -16.6858 1.29667 16.6858 -16.6928 1.34928 17.3091 0 0 0 
0 -16.6178 2.168 16.6332 -16.6149 2.18739 17.9324 -16.6163 2.1777 17.2828 0 0 0 
0 -16.6149 2.18739 17.9324 -16.6858 1.29667 16.6858 -16.6503 1.74203 17.3091 0 0 0 
0 -10.3485 13.1879 16.8805 -10.8687 12.7256 17.9324 -10.6086 12.9568 17.4065 0 0 0 
0 -0.43868 -16.7525 17.9324 0.114201 -16.7612 16.7795 -0.162239 -16.7569 17.356 0 0 0 
0 -0.43868 -16.7525 17.9324 -5.55112e-17 -17.9324 17.9324 -0.21934 -17.3425 17.9324 0 0 0 
0 1.33558 -16.713 16.7052 1.36462 -16.7027 17.9324 1.3501 -16.7079 17.3188 0 0 0 
0 -1.2833 -16.6618 16.7467 -1.23003 -16.7133 17.9324 -1.25666 -16.6875 17.3396 0 0 0 
0 16.9669 15.572 -25.4 16.9494 16.5461 -25.4 16.9581 16.0591 -25.4 0 0 0 
0 -13.803 -18.4398 -18.4398 -14.4725 -17.9394 -18.7701 -14.1378 -18.1896 -18.605 0 0 0 
0 -14.0067 -18.306 -19.3223 -13.803 -18.4398 -18.4398 -13.9049 -18.3729 -18.8811 0 0 0 
0 -13.0624 -18.9886 -18.9886 -14.0067 -18.306 -19.3223 -13.5346 -18.6473 -19.1554 0 0 0 
0 -1.75445 -22.9836 -22.9836 -0.932121 -24.0506 -23.0292 -1.34328 -23.5171 -23.0064 0 0 0 
0 -16.6837 -1.31304 -17.9324 -17.9324 -1.43636 -17.9324 -17.308 -1.3747 -17.9324 0 0 0 
0 -16.7559 0.791087 -16.7436 -16.715 1.2077 -17.9324 -16.7355 0.999394 -17.338 0 0 0 
0 -16.7526 -0.438665 -17.9282 -17.9053 -0.5163 -17.9324 -17.3289 -0.477482 -17.9303 0 0 0 
0 -0.171094 16.7596 -16.7596 -0.869391 16.7302 -17.3201 -0.520243 16.7449 -17.0399 0 0 0 
0 -1.29581 16.7082 -16.7082 -0.869391 16.7302 -17.3201 -1.0826 16.7192 -17.0142 0 0 0 
0 -0.287277 16.8045 -17.9324 -0.229185 16.782 -17.346 -0.258231 16.7932 -17.6392 0 0 0 
0 -0.287277 16.8045 -17.9324 0.532192 16.7546 -17.2726 0.122458 16.7795 -17.6025 0 0 0 
0 -0.171094 16.7596 -16.7596 -0.229185 16.782 -17.346 -0.20014 16.7708 -17.0528 0 0 0 
0 -0.985403 17.3189 -17.9324 -1.29274 16.7083 -17.9324 -1.13907 17.0136 -17.9324 0 0 0 
0 -0.287277 16.8045 -17.9324 -1.29274 16.7083 -17.9324 -0.790009 16.7564 -17.9324 0 0 0 
0 -0.287277 16.8045 -17.9324 -0.869391 16.7302 -17.3201 -0.578334 16.7673 -17.6263 0 0 0 
0 0.532192 16.7546 -17.2726 0.548578 16.7498 -16.7498 0.540385 16.7522 -17.0112 0 0 0 
0 -0.171094 16.7596 -16.7596 0.532192 16.7546 -17.2726 0.180549 16.7571 -17.0161 0 0 0 
0 0.532192 16.7546 -17.2726 1.24424 16.7122 -16.7122 0.888218 16.7334 -16.9924 0 0 0 
0 1.28591 16.7104 -17.9324 1.53546 17.9324 -17.9324 1.41068 17.3214 -17.9324 0 0 0 
0 -11.308 -12.3599 -13.0302 -10.4254 -12.1238 -13.0302 -10.8667 -12.2419 -13.0302 0 0 0 
0 -7.05399 -7.05399 -7.7724 -6.38741 -7.66939 -8.49465 -6.7207 -7.36169 -8.13352 0 0 0 
0 -7.05399 -7.05399 -7.7724 -6.08912 -7.03966 -7.7724 -6.57155 -7.04682 -7.7724 0 0 0 
0 -7.05399 -7.05399 -7.7724 -6.31245 -6.63348 -7.7724 -6.68322 -6.84373 -7.7724 0 0 0 
0 -12.3068 -17.9324 -11.3767 -13.2648 -17.9324 -11.0864 -12.7858 -17.9324 -11.2316 0 0 0 
0 -2.7244 -17.9324 -16.5685 -2.7918 -17.9324 -17.9324 -2.7581 -17.9324 -17.2505 0 0 0 
0 -1.73369 -17.9324 -16.6736 -2.7918 -17.9324 -17.9324 -2.26275 -17.9324 -17.303 0 0 0 
0 -0.578109 -17.8977 -16.7492 -0.524323 -17.9324 -17.9324 -0.551216 -17.915 -17.3408 0 0 0 
0 -2.07259 -17.9324 -17.9324 -1.73369 -17.9324 -16.6736 -1.90314 -17.9324 -17.303 0 0 0 
0 1.31484 -17.9324 -16.7066 1.29667 -16.6858 -16.6858 1.30576 -17.3091 -16.6962 0 0 0 
0 0.328559 -17.9324 -16.7267 1.29667 -16.6858 -16.6858 0.812616 -17.3091 -16.7062 0 0 0 
0 2.22356 -16.6331 -16.6106 2.62247 -17.9324 -16.5576 2.42302 -17.2828 -16.5841 0 0 0 
0 16.7099 -17.9179 -1.27484 16.7415 -16.7415 -0.868277 16.7257 -17.3297 -1.07156 0 0 0 
0 16.7526 -17.9244 0.438651 16.7527 -16.7527 0.434139 16.7527 -17.3386 0.436395 0 0 0 
