1 411
0.99999999999814104
3.1350497087088289
5.9459554432576187
3.9640459893631173
3.3089462663027778
2.0082683270710615
2.4980694866313735
4.4868924425904613
4.9569622818795249
2.667280475179628
3.8398834635712555
4.4632948520643687
4.8152824106449685
5.1006546977191363
4.2167056784404648
2.5703384952863755
3.8758187722159794
2.730894579399278
1.5030862367930518
1.8768757375818828
3.1119927618726395
3.2924782938831361
4.0302478204458474
3.3176141339858511
5.4492857926052611
5.6967455795089714
5.2027406016719997
4.3416548487167184
5.4591183548718467
5.0369463535067993
4.6550909612407381
4.6126668537844857
3.6656911009291546
4.7854231700422094
4.4559146909692702
3.886471127543262
4.2031547362485489
4.1888131338714318
4.0191561082264231
3.7616031616901773
3.6668183738208611
3.5344576264502754
3.0635322131851512
2.8631631025450814
3.4406920282218301
3.0949819151736166
2.9612149861360737
3.1126432282037544
2.6147187184553236
3.743206725713756
3.4010530277206721
3.5356065982096681
2.274915384408839
2.5989926177302793
2.9734428981523431
2.6378093300495897
2.1224188436183096
1.7550006816958841
1.2518008871080992
1.5083065082843226
1.9344146602279571
2.2395326818833641
2.1971470674729918
2.2944503461646661
3.0601784910471252
3.2508892218026242
3.5287541858693814
2.4840592205939953
2.8005814455995952
2.967730490727384
2.797158328073214
2.9397623594595004
3.2348685166604523
3.4974651522841333
3.5566869733934876
3.8185418695669284
4.1904752224204866
3.6533315338885095
4.3946677202324933
4.7106838219099005
4.2772726860901829
3.9140429814219049
4.0201870658612711
4.2145954476244487
3.4711489162027407
3.7662116967614137
3.4165326340214466
3.3089376373078951
2.7445541970708422
2.4698790749343531
3.0305253882647238
2.8354571373253386
3.0573664871509565
5.2127910089896599
5.3913428917917638
4.5106694901595095
4.1362005207317871
4.9653774704585283
3.8097590391707943
3.9690319309489395
3.9626380945970379
3.7528050922171872
4.1620221741753616
4.3191076709441827
4.4951815847504184
4.6413521870642898
4.3642650841223558
4.4234280042242196
4.5513755514070526
4.7680231105542275
4.2369679620477889
4.2943543132647823
4.0803978393916127
4.0064277175957601
4.8670372508723645
4.9397447974353996
5.2718065097356357
5.2512377714786744
5.0736538381440566
4.6599085973063312
4.9198823374070368
4.6352969349932733
4.4710713806584428
4.344649967692229
4.3386121254564802
3.9777820966385575
4.1538027350127447
4.3293243319635186
4.1690457245461685
4.0389453153430743
4.028711969728672
4.3238144048997826
4.0354251351913408
3.8622242258082062
3.6802062644024645
3.711274091748177
3.5761322857600955
3.6264316317744862
3.7126074043146904
3.7739123105359083
3.8430116570700203
3.5990429824432573
3.4884671944459278
3.4226571989317498
3.3065537997588641
3.1339945252785455
2.8287607153924883
3.3693165874321087
3.1716023246781151
3.2600461853393372
3.2480142192811376
3.0789244893923082
2.8523554164450133
3.4306749712017979
3.5092223296489014
3.1514737906259547
3.5936259996677942
3.5597907309560366
3.4557969198782241
3.8229926859278112
2.7607456255561886
3.0352777414934269
3.6286869936864994
3.6570721906035577
3.7575568136646806
3.0334420501234662
2.9155084975377026
2.8584441796378703
2.6475704124004276
2.3405570646050204
2.5014247827359193
2.5008423015302426
2.3659666138758193
2.0725725143714246
2.3869202787866186
1.8211493984409479
1.8807854064335148
1.6057424400889193
2.217622627089558
1.608052500191808
1.8815845579966337
2.0832825308933187
1.9468026765694242
1.6289372826934474
1.8030726600357956
2.789894679390545
2.9304319292052341
1.3774925267281681
2.6823467765056481
2.3307398525250216
3.4847300554941953
3.2798842159449602
3.918298743122155
4.9358245000883114
5.1594246135494837
3.112113847532783
2.7504204108180952
2.5670842614613099
2.1374383822991954
2.2901805468601859
2.3905391222246211
4.808078158074399
3.921745653844777
2.4213875784201493
3.2237051966222334
3.0444979107528489
2.8465281897700376
2.7162612933735972
2.9581773537315526
3.0709471929111953
3.0050591910727147
3.348596934788814
2.3086848376620321
5.0065117372741428
5.1064324846687361
4.8986831688617105
4.729520773749277
5.3260013299079665
5.5728314257065348
5.0665074089335231
4.8808105180734014
4.7272111758282058
4.8339391729053682
4.7618545746417222
5.079997871691865
4.5269403533898984
4.6537849155793198
5.4372405989005621
5.5253356390081869
5.6738685722984492
5.8211188663802131
4.8022709993094024
5.1999558211415158
5.319792353926192
5.4817758287904308
5.6488310157600727
4.7106174544990136
4.3574680037216744
4.2118069914218959
4.1060652140160494
3.9081092904329009
4.002198071050775
4.1358255217216371
3.9582175626892262
3.756032257569287
3.4973805315279147
4.0952740939181425
4.5871683599561388
4.0288928673249744
3.8345391616358859
3.6753058853771083
3.4982422058858211
3.3793912853793517
3.2001087524197933
3.7238871911259208
3.4758683635845662
3.6140344611430071
3.229016824012076
3.7041679727273098
2.9513253272864612
4.2834367052613436
4.3962033123551434
4.530538355628333
4.2771564144692045
4.1752697099439091
3.5851256332196266
3.3904032659232439
3.3047766669351843
3.4090026174528996
3.7059070841902906
3.5367540577703283
3.7175274683302821
3.9162511652219321
4.3391310199478506
3.9856897235446183
4.0896680828851721
4.1327082502816843
4.2253938868939382
3.5867405614244965
3.2832248555694794
3.4500198922888226
4.4804795441029732
4.2261066967660845
3.8154201620401968
3.3928412448779559
3.2782672682620189
4.4369454726204891
4.227163642979491
3.22023617525462
3.0954079942316151
2.7673231378278165
2.8830093920021493
1.7015075507702351
1.9072442785592485
1.7370245756963818
2.059108646123057
2.0407404148300685
2.2293582354053423
2.4140038325296307
2.0923530468755525
2.4927003705934561
2.6588451643753745
2.8043906648516459
2.9763760390761766
2.344998817450374
2.7345021211187448
2.8737495172617549
2.5879943845673892
2.955223798392598
3.4347832318325735
3.3243030999757281
3.3784680857543803
2.6579996082272479
2.5121228169750691
2.3619921220654225
2.8115801503109141
2.3488530065829312
2.5065352308822995
2.6636314531161669
2.6468913688468012
2.6025342859591039
3.1092969381923425
3.2244113737931848
3.0877882079273027
2.8722913730532937
2.8980577580299789
3.9722355773702436
3.8965778470457861
4.0545765806765477
3.90066303739298
4.049632225307076
4.4472604166236112
4.650353639949774
4.4942603345075804
4.3425823204595897
4.6272339148113444
4.0982371114816729
3.9753340466395328
4.8908360121280801
5.3116458831538553
4.5173171166402328
4.7934658456227384
4.5944185429690005
4.0589664171570057
3.6695976174241971
3.2787231512093227
3.1690457546831405
2.9981961405953079
3.6310999235889998
2.5128226291561941
2.5475255207991756
2.4854714500066146
2.1873556144727786
2.007728542238258
2.2960571252408277
1.9485888492064634
1.7960155816152019
1.6673846083961699
1.1261638769810116
1.2849756353215449
1.4327810098588536
1.3971748185089219
1.5404190481079474
2.2013197070374719
2.0604388303129086
2.1231681945071239
2.1378695688842266
1.6133240418283643
5.2401976806796551
2.7136556584978848
2.6281172096352288
3.1925029284762934
3.1462958392601386
4.9024325082833657
4.8845129827111471
4.5616876318139976
5.3222606686877807
3.8344183582805162
3.6175482002686308
3.471084218284112
3.3635392540104916
3.2184191769279993
3.5975169222486949
3.3271083574420945
3.7237501014650487
3.8565090028388327
3.0847632811888333
4.1365764690136944
3.2000870042768046
3.844274121236948
4.0083213492406511
3.6340965932516651
3.6876320331597521
3.3973511647655905
4.360062288590929
2.8387482590024344
2.3224554069135093
3.0818114804443559
3.1611575025766872
2.7969529488999152
2.9929858577075477
4.640056119483071
4.7950123766964667
2.5272934010170012
1.2020047353317658
2.0452227096847708
2.5178413819286893
3.6359304345043513
3.8680538684795769
3.2712546161760736
3.1972382173432128
