0 -6.08658 0.282109 22.8586 -6.09354 0.00661377 22.5318 -6.09006 0.144361 22.6952 0 0 0 
0 -5.85135 -1.70656 4.20047 -5.81477 -1.82162 4.6143 -5.83306 -1.76409 4.40738 0 0 0 
0 -5.73616 -2.06113 4.17428 -5.80641 -1.85235 3.81614 -5.77129 -1.95674 3.99521 0 0 0 
0 -5.73616 -2.06113 4.17428 -5.6556 -2.26721 4.49423 -5.69588 -2.16417 4.33426 0 0 0 
0 -5.41505 -2.7979 11.1623 -5.44983 -2.72653 11.5088 -5.43244 -2.76222 11.3355 0 0 0 
0 -5.41553 -2.79579 11.8842 -5.24287 -3.10863 11.4437 -5.3292 -2.95221 11.6639 0 0 0 
0 -5.99352 -1.10948 1.11452 -5.99004 -1.12514 0.699549 -5.99178 -1.11731 0.907034 0 0 0 
0 -5.51175 -2.60186 8.93357 -5.53394 -2.55151 8.49928 -5.52285 -2.57668 8.71643 0 0 0 
0 -5.6556 -2.26721 4.49423 -5.66048 -2.25996 4.99102 -5.65804 -2.26358 4.74262 0 0 0 
0 -5.71214 -2.12431 14.3982 -5.75862 -1.99395 14.8189 -5.73538 -2.05913 14.6086 0 0 0 
0 -5.81477 -1.82162 4.6143 -5.73666 -2.05581 4.79138 -5.77571 -1.93871 4.70284 0 0 0 
0 -6.04161 -0.812517 0 -6.01672 -0.975017 0.359181 -6.02917 -0.893767 0.179591 0 0 0 
0 6.00811 1.02528 6.96375 6.01942 0.953635 6.44741 6.01377 0.989458 6.70558 0 0 0 
0 6.06707 0.557507 17.1699 6.07042 0.536722 17.5642 6.06874 0.547115 17.3671 0 0 0 
0 6.09002 0.183469 22.8372 6.09404 -0.0900391 22.6591 6.09203 0.0467148 22.7482 0 0 0 
0 6.09002 0.183469 22.8372 6.09475 0.0531279 22.4208 6.09238 0.118298 22.629 0 0 0 
0 6.01726 0.965405 8.92645 6.03752 0.823131 8.57543 6.02739 0.894268 8.75094 0 0 0 
0 6.08743 0.313127 19.9577 6.09072 0.238371 20.3455 6.08907 0.275749 20.1516 0 0 0 
0 6.06707 0.557507 17.1699 6.06596 0.588609 16.7498 6.06651 0.573058 16.9599 0 0 0 
0 6.04162 0.805582 16.9932 6.02244 0.933841 17.2873 6.03203 0.869712 17.1402 0 0 0 
0 5.88278 1.59502 10.1499 5.90291 1.51209 9.83566 5.89284 1.55356 9.99276 0 0 0 
0 6.09391 -0.0834805 20.5608 6.09097 -0.183176 20.0976 6.09244 -0.133328 20.3292 0 0 0 
0 5.96623 1.24391 10.0022 5.97675 1.19278 9.64128 5.97149 1.21835 9.82173 0 0 0 
0 5.97566 1.20157 15.2338 6.0317 0.881712 15.4918 6.00368 1.04164 15.3628 0 0 0 
0 5.97633 1.19458 5.58016 6.00354 1.05197 6.03255 5.98993 1.12327 5.80636 0 0 0 
0 6.0351 0.841013 5.72878 6.01682 0.969107 5.26279 6.02596 0.90506 5.49578 0 0 0 
0 5.97633 1.19458 5.58016 5.96324 1.26231 4.95035 5.96979 1.22845 5.26526 0 0 0 
0 6.09366 0.114518 21.8599 6.09301 0.153157 21.4386 6.09334 0.133837 21.6492 0 0 0 
0 6.0406 0.8059 0.518477 6.01463 0.985881 0.963317 6.02761 0.895891 0.740897 0 0 0 
0 5.96623 1.24391 10.0022 5.95364 1.29891 10.3446 5.95993 1.27141 10.1734 0 0 0 
0 6.05337 0.697489 0.022394 6.0406 0.8059 0.518477 6.04699 0.751695 0.270436 0 0 0 
0 6.05337 0.697489 0.022394 6.01051 1.01083 0.24919 6.03194 0.854159 0.135792 0 0 0 
0 6.08301 -0.388466 22.86 6.09404 -0.0900391 22.6591 6.08853 -0.239253 22.7596 0 0 0 
0 -6.50341 0.199816 0.000931058 -6.10782 0.276816 0 -6.30562 0.238316 0.000465529 0 0 0 
0 -6.46782 -0.188962 0 -6.10782 0.276816 0 -6.28782 0.0439269 0 0 0 0 
0 6.10725 -0.227537 0 6.51 -0.0421523 0.00254654 6.30863 -0.134845 0.00127327 0 0 0 
0 6.51 -0.0421523 0.00254654 6.11033 0.225062 0 6.31017 0.091455 0.00127327 0 0 0 
0 -6.43741 0.697154 0 -5.9964 1.08174 0.0253201 -6.21691 0.889449 0.0126601 0 0 0 
0 -6.43741 0.697154 0 -6.05183 0.710954 0 -6.24462 0.704054 0 0 0 0 
0 -6.43741 0.697154 0 -6.10782 0.276816 0 -6.27262 0.486985 0 0 0 0 
0 -6.38247 1.16592 0 -5.9964 1.08174 0.0253201 -6.18943 1.12383 0.0126601 0 0 0 
0 -6.30427 1.61866 0 -5.84672 1.71591 0 -6.07549 1.66729 0 0 0 0 
0 -6.16904 2.00451 0 -5.84672 1.71591 0 -6.00788 1.86021 0 0 0 0 
0 -6.30427 1.61866 0 -5.92598 1.39356 0.00300704 -6.11512 1.50611 0.00150352 0 0 0 
0 -6.38247 1.16592 0 -5.92598 1.39356 0.00300704 -6.15423 1.27974 0.00150352 0 0 0 
0 -6.16904 2.00451 0 -5.74184 2.06139 0 -5.95544 2.03295 0 0 0 0 
0 -5.74184 2.06139 0 -6.07087 2.3055 0 -5.90636 2.18344 0 0 0 0 
0 -5.41635 2.79397 0 -5.69524 3.15959 0.00490507 -5.55579 2.97678 0.00245254 0 0 0 
0 -5.90712 2.74342 0.00524742 -5.41635 2.79397 0 -5.66174 2.76869 0.00262371 0 0 0 
0 -5.90712 2.74342 0.00524742 -5.57522 2.41926 0 -5.74117 2.58134 0.00262371 0 0 0 
0 -5.57522 2.41926 0 -6.07087 2.3055 0 -5.82305 2.36238 0 0 0 0 
0 -5.04864 3.4538 0 -5.30821 3.7958 0.0181592 -5.17842 3.6248 0.00907961 0 0 0 
0 -5.49552 3.48756 0 -5.04864 3.4538 0 -5.27208 3.47068 0 0 0 0 
0 -5.49552 3.48756 0 -5.2502 3.14142 0 -5.37286 3.31449 0 0 0 0 
0 -5.69524 3.15959 0.00490507 -5.2502 3.14142 0 -5.47272 3.15051 0.00245254 0 0 0 
0 -4.607 4.00906 0 -4.75979 4.4384 0 -4.68339 4.22373 0 0 0 0 
0 -5.02757 4.07314 0 -4.607 4.00906 0 -4.81729 4.0411 0 0 0 0 
0 -5.02757 4.07314 0 -4.85155 3.70708 0 -4.93956 3.89011 0 0 0 0 
0 -5.30821 3.7958 0.0181592 -4.85155 3.70708 0 -5.07988 3.75144 0.00907961 0 0 0 
0 -4.75979 4.4384 0 -4.31168 4.30565 0 -4.53574 4.37203 0 0 0 0 
0 -4.4662 4.71104 0 -3.96137 4.66415 0 -4.21378 4.68759 0 0 0 0 
0 -4.17772 5.01478 0.0187116 -3.96137 4.66415 0 -4.06954 4.83946 0.00935578 0 0 0 
0 -4.4662 4.71104 0 -4.31168 4.30565 0 -4.38894 4.50835 0 0 0 0 
0 -3.96137 4.66415 0 -3.90274 5.19784 0 -3.93205 4.931 0 0 0 0 
0 -3.69192 4.83911 0 -3.90274 5.19784 0 -3.79733 5.01847 0 0 0 0 
0 -3.5955 5.44606 0.0195954 -3.3507 5.08998 0.0142376 -3.4731 5.26802 0.0169165 0 0 0 
0 -3.3507 5.08998 0.0142376 -3.30505 5.58854 4.16334e-17 -3.32788 5.33926 0.00711878 0 0 0 
0 -3.3507 5.08998 0.0142376 -3.90274 5.19784 0 -3.62672 5.14391 0.00711878 0 0 0 
0 -2.87879 5.37174 0.0190933 -3.30505 5.58854 4.16334e-17 -3.09192 5.48014 0.00954664 0 0 0 
0 -2.95345 5.79648 8.32667e-17 -2.87879 5.37174 0.0190933 -2.91612 5.58411 0.00954664 0 0 0 
0 -2.95345 5.79648 8.32667e-17 -2.58755 5.54953 0 -2.7705 5.673 4.16334e-17 0 0 0 
0 -2.58755 5.54953 0 -2.57856 5.95871 5.55112e-17 -2.58306 5.75412 2.77556e-17 0 0 0 
0 -2.09452 5.72215 0 -2.57856 5.95871 5.55112e-17 -2.33654 5.84043 2.77556e-17 0 0 0 
0 -2.20367 6.12094 2.77556e-17 -2.09452 5.72215 0 -2.1491 5.92154 1.38778e-17 0 0 0 
0 -2.09452 5.72215 0 -1.92574 6.21505 0 -2.01013 5.9686 0 0 0 0 
0 -1.69645 5.85242 0.0116084 -1.92574 6.21505 0 -1.81109 6.03374 0.00580419 0 0 0 
0 -1.62342 6.30778 0.00465651 -1.23767 5.96581 0.024273 -1.43054 6.13679 0.0144647 0 0 0 
0 -1.23767 5.96581 0.024273 -1.2148 6.36568 0 -1.22624 6.16575 0.0121365 0 0 0 
0 -1.62342 6.30778 0.00465651 -1.69645 5.85242 0.0116084 -1.65993 6.0801 0.00813244 0 0 0 
0 -0.812064 6.03823 0 -1.2148 6.36568 0 -1.01343 6.20196 0 0 0 0 
0 -0.812064 6.03823 0 -0.726147 6.44375 0 -0.769105 6.24099 0 0 0 0 
0 -0.726147 6.44375 0 -0.406032 6.06542 0 -0.566089 6.25458 0 0 0 0 
0 -0.205119 6.47438 0 -0.406032 6.06542 0 -0.305575 6.2699 0 0 0 0 
0 -0.0637406 6.10189 0 -0.205119 6.47438 0 -0.13443 6.28813 0 0 0 0 
0 -0.0637406 6.10189 0 0.228951 6.48128 0 0.082605 6.29158 0 0 0 0 
0 0.228951 6.48128 0 0.291164 6.09973 0 0.260057 6.2905 0 0 0 0 
0 0.291164 6.09973 0 0.613206 6.48361 0.00694575 0.452185 6.29167 0.00347288 0 0 0 
0 0.978251 6.44205 0.0101331 1.11955 5.98979 0.0214893 1.0489 6.21592 0.0158112 0 0 0 
0 0.698107 6.0537 0.0206109 0.978251 6.44205 0.0101331 0.838179 6.24788 0.015372 0 0 0 
0 0.698107 6.0537 0.0206109 0.613206 6.48361 0.00694575 0.655657 6.26866 0.0137783 0 0 0 
0 1.11955 5.98979 0.0214893 1.47401 6.35109 0.0140019 1.29678 6.17044 0.0177456 0 0 0 
0 1.47401 6.35109 0.0140019 1.58975 5.89953 0 1.53188 6.12531 0.00700095 0 0 0 
0 1.88797 6.24838 0.02126 1.99852 5.75549 0 1.94324 6.00193 0.01063 0 0 0 
0 1.99852 5.75549 0 2.39603 6.05168 0 2.19728 5.90358 0 0 0 0 
0 1.88797 6.24838 0.02126 1.58975 5.89953 0 1.73886 6.07396 0.01063 0 0 0 
0 2.39603 6.05168 0 2.40851 5.60411 0 2.40227 5.8279 0 0 0 0 
0 2.40851 5.60411 0 2.70284 5.91013 0 2.55568 5.75712 0 0 0 0 
0 2.74782 5.43776 0 2.99057 5.7647 0 2.86919 5.60123 0 0 0 0 
0 2.99057 5.7647 0 3.14516 5.24207 0 3.06786 5.50339 0 0 0 0 
0 2.74782 5.43776 0 2.70284 5.91013 0 2.72533 5.67394 0 0 0 0 
0 3.47482 5.00463 0 3.97942 5.13024 0 3.72712 5.06744 0 0 0 0 
0 3.47482 5.00463 0 3.63342 5.37923 0 3.55412 5.19193 0 0 0 0 
0 3.63342 5.37923 0 3.14516 5.24207 0 3.38929 5.31065 0 0 0 0 
0 3.97942 5.13024 0 3.77044 4.78595 0.0211507 3.87493 4.9581 0.0105753 0 0 0 
0 3.33706 5.61318 0.0244478 3.14516 5.24207 0 3.24111 5.42763 0.0122239 0 0 0 
0 4.04053 4.5605 0.00434526 4.265 4.93523 0.0167706 4.15276 4.74786 0.0105579 0 0 0 
0 4.04053 4.5605 0.00434526 4.5841 4.62058 0.00312348 4.31231 4.59054 0.00373437 0 0 0 
0 4.265 4.93523 0.0167706 3.77044 4.78595 0.0211507 4.01772 4.86059 0.0189606 0 0 0 
0 4.5841 4.62058 0.00312348 4.38432 4.25715 0 4.48421 4.43886 0.00156174 0 0 0 
0 4.65868 3.92639 0 4.86954 4.32929 0.0100674 4.76411 4.12784 0.00503368 0 0 0 
0 4.65868 3.92639 0 5.11213 3.96934 0 4.8854 3.94786 0 0 0 0 
0 4.86954 4.32929 0.0100674 4.38432 4.25715 0 4.62693 4.29322 0.00503368 0 0 0 
0 5.11213 3.96934 0 4.87287 3.64735 0 4.9925 3.80834 0 0 0 0 
0 5.04987 3.4123 0 5.59646 3.31687 0 5.32317 3.36459 0 0 0 0 
0 5.31078 2.9869 0.0224096 5.59646 3.31687 0 5.45362 3.15189 0.0112048 0 0 0 
0 5.04987 3.4123 0 5.33896 3.68363 0 5.19441 3.54796 0 0 0 0 
0 5.33896 3.68363 0 4.87287 3.64735 0 5.10591 3.66549 0 0 0 0 
0 5.31078 2.9869 0.0224096 5.79045 2.96527 0 5.55062 2.97609 0.0112048 0 0 0 
0 5.79045 2.96527 0 5.5142 2.55886 0 5.65233 2.76207 0 0 0 0 
0 5.69159 2.24119 0 5.92408 2.67474 0 5.80784 2.45796 0 0 0 0 
0 5.69159 2.24119 0 6.07382 2.33455 0 5.88271 2.28787 0 0 0 0 
0 6.07382 2.33455 0 5.7988 1.87038 0 5.93631 2.10247 0 0 0 0 
0 5.5142 2.55886 0 5.92408 2.67474 0 5.71914 2.6168 0 0 0 0 
0 5.89325 1.55321 0.0213745 6.35056 1.47865 0.0145031 6.12191 1.51593 0.0179388 0 0 0 
0 5.89325 1.55321 0.0213745 6.20082 1.92227 0 6.04704 1.73774 0.0106872 0 0 0 
0 6.35056 1.47865 0.0145031 5.97362 1.21503 0.00824047 6.16209 1.34684 0.0113718 0 0 0 
0 6.20082 1.92227 0 5.7988 1.87038 0 5.99981 1.89632 0 0 0 0 
0 6.05337 0.697489 0.022394 6.46024 0.786007 0 6.25681 0.741748 0.011197 0 0 0 
0 6.05337 0.697489 0.022394 6.47827 0.356796 0 6.26582 0.527142 0.011197 0 0 0 
0 6.47827 0.356796 0 6.11033 0.225062 0 6.2943 0.290929 0 0 0 0 
0 6.51 -0.0421523 0.00254654 6.48436 -0.530887 0 6.49718 -0.28652 0.00127327 0 0 0 
0 6.48436 -0.530887 0 6.08406 -0.618448 0 6.28421 -0.574668 0 0 0 0 
0 6.10725 -0.227537 0 6.48436 -0.530887 0 6.2958 -0.379212 0 0 0 0 
0 6.30863 -0.134845 0.00127327 6.49718 -0.28652 0.00127327 6.4029 -0.210682 0.00127327 0 0 0 
0 6.10725 -0.227537 0 6.30863 -0.134845 0.00127327 6.20794 -0.181191 0.000636634 0 0 0 
0 6.51 -0.0421523 0.00254654 6.30863 -0.134845 0.00127327 6.40931 -0.0884985 0.0019099 0 0 0 
1 -6.46782 -0.188962 0 -6.82994 -0.0878318 0.323372 -6.50341 0.199816 0.000931058 -6.50026 -4.65787e-09 0.0143171 
0 -6.46782 -0.188962 0 -6.50026 -4.65787e-09 0.0143171 -6.48404 -0.0944811 0.00715853 0 0 0 
0 -6.50341 0.199816 0.000931058 -6.50026 -4.65787e-09 0.0143171 -6.50184 0.0999082 0.00762406 0 0 0 
0 -6.46782 -0.188962 0 -6.69891 -0.541962 0.212597 -6.58337 -0.365462 0.106298 0 0 0 
0 -6.82994 -0.0878318 0.323372 -6.46782 -0.188962 0 -6.64888 -0.138397 0.161686 0 0 0 
0 -6.82994 -0.0878318 0.323372 -6.50341 0.199816 0.000931058 -6.66667 0.0559923 0.162151 0 0 0 
0 -6.44166 -1.05635 0.021853 -6.04161 -0.812517 0 -6.24163 -0.934435 0.0109265 0 0 0 
0 -6.44166 -1.05635 0.021853 -5.98412 -1.11245 0 -6.21289 -1.0844 0.0109265 0 0 0 
0 -6.36873 -1.41116 0.0174925 -5.98412 -1.11245 0 -6.17643 -1.26181 0.00874626 0 0 0 
0 -6.21862 -1.80773 0 -5.9262 -1.45182 0 -6.07241 -1.62978 0 0 0 0 
0 -5.9262 -1.45182 0 -6.36873 -1.41116 0.0174925 -6.14747 -1.43149 0.00874626 0 0 0 
0 -6.21862 -1.80773 0 -5.80606 -1.80106 0 -6.01234 -1.80439 0 0 0 0 
0 -6.14857 -2.20232 0.0253204 -5.80606 -1.80106 0 -5.97731 -2.00169 0.0126602 0 0 0 
0 -5.69517 -2.1646 0 -6.14857 -2.20232 0.0253204 -5.92187 -2.18346 0.0126602 0 0 0 
0 -5.93086 -2.67085 0 -5.69517 -2.1646 0 -5.81301 -2.41772 0 0 0 0 
0 -5.93086 -2.67085 0 -5.54723 -2.54887 0 -5.73904 -2.60986 0 0 0 0 
0 -5.51625 -3.47532 0.0114945 -5.05267 -3.40792 0 -5.28446 -3.44162 0.00574724 0 0 0 
0 -5.26569 -3.82575 0 -5.05267 -3.40792 0 -5.15918 -3.61683 0 0 0 0 
0 -5.3429 -2.92799 0 -5.71456 -3.11423 0 -5.52873 -3.02111 0 0 0 0 
0 -5.26569 -3.82575 0 -4.73797 -3.80625 0 -5.00183 -3.816 0 0 0 0 
0 -4.97369 -4.15402 0 -4.73797 -3.80625 0 -4.85583 -3.98013 0 0 0 0 
0 -4.97369 -4.15402 0 -4.49952 -4.12966 0 -4.7366 -4.14184 0 0 0 0 
0 -4.49952 -4.12966 0 -4.67257 -4.53934 0.00818696 -4.58604 -4.3345 0.00409348 0 0 0 
0 -4.67257 -4.53934 0.00818696 -4.19982 -4.43632 0 -4.43619 -4.48783 0.00409348 0 0 0 
0 -3.85351 -4.73233 0 -3.89063 -5.18288 0 -3.87207 -4.9576 0 0 0 0 
0 -4.2937 -4.87025 0 -3.85351 -4.73233 0 -4.0736 -4.80129 0 0 0 0 
0 -4.2937 -4.87025 0 -4.19982 -4.43632 0 -4.24676 -4.65329 0 0 0 0 
0 -3.89063 -5.18288 0 -3.50405 -5.01552 0 -3.69734 -5.0992 0 0 0 0 
0 -3.50446 -5.49688 0.0105287 -3.1918 -5.21461 0 -3.34813 -5.35574 0.00526433 0 0 0 
0 -3.50446 -5.49688 0.0105287 -3.50405 -5.01552 0 -3.50426 -5.2562 0.00526433 0 0 0 
0 -2.96281 -5.78907 0 -2.56602 -5.52963 0 -2.76441 -5.65935 0 0 0 0 
0 -2.56602 -5.52963 0 -2.66755 -5.92774 0 -2.61678 -5.72869 0 0 0 0 
0 -2.96281 -5.78907 0 -2.88276 -5.36971 0.0175492 -2.92278 -5.57939 0.00877462 0 0 0 
0 -2.39603 -6.05168 0 -2.13683 -5.68945 0 -2.26643 -5.87057 0 0 0 0 
0 -1.72494 -5.84454 0 -2.01049 -6.19043 -4.77049e-18 -1.86771 -6.01748 -2.38524e-18 0 0 0 
0 -1.72494 -5.84454 0 -1.42409 -6.32341 0 -1.57452 -6.08397 0 0 0 0 
0 -1.42409 -6.32341 0 -1.34474 -5.96232 0 -1.38442 -6.14287 0 0 0 0 
0 -1.01394 -6.01108 0 -0.852259 -6.47616 0.0239841 -0.933102 -6.24362 0.0119921 0 0 0 
0 -1.42409 -6.32341 0 -1.01394 -6.01108 0 -1.21902 -6.16725 0 0 0 0 
0 -0.852259 -6.47616 0.0239841 -0.658403 -6.05894 0.0055465 -0.755331 -6.26755 0.0147653 0 0 0 
0 -0.408688 -6.49591 0 -0.305546 -6.08578 0 -0.357117 -6.29084 0 0 0 0 
0 -0.305546 -6.08578 0 0.0660825 -6.49776 0 -0.119732 -6.29177 0 0 0 0 
0 -0.408688 -6.49591 0 -0.658403 -6.05894 0.0055465 -0.533546 -6.27743 0.00277325 0 0 0 
0 0.0660825 -6.49776 0 0.216863 -6.09171 0 0.141473 -6.29474 0 0 0 0 
0 0.457961 -6.47191 0 0.216863 -6.09171 0 0.337412 -6.28181 0 0 0 0 
0 0.656119 -6.0809 0 0.915922 -6.43506 0 0.78602 -6.25798 0 0 0 0 
0 0.915922 -6.43506 0 1.15209 -5.98315 0.0206772 1.03401 -6.20911 0.0103386 0 0 0 
0 0.656119 -6.0809 0 0.457961 -6.47191 0 0.55704 -6.27641 0 0 0 0 
0 1.15209 -5.98315 0.0206772 1.34644 -6.34777 0 1.24927 -6.16546 0.0103386 0 0 0 
0 1.34644 -6.34777 0 1.60992 -5.87604 0 1.47818 -6.11191 0 0 0 0 
0 1.99261 -5.75762 0.0114338 2.24486 -6.08565 0 2.11874 -5.92164 0.00571689 0 0 0 
0 1.81836 -6.26778 0.0204739 1.99261 -5.75762 0.0114338 1.90548 -6.0127 0.0159538 0 0 0 
0 1.81836 -6.26778 0.0204739 1.60992 -5.87604 0 1.71414 -6.07191 0.010237 0 0 0 
0 2.56602 -5.52963 0 2.67474 -5.92408 0 2.62038 -5.72685 0 0 0 0 
0 2.56602 -5.52963 0 3.04104 -5.71446 0 2.80353 -5.62204 0 0 0 0 
0 2.87487 -5.39217 0 3.04104 -5.71446 0 2.95796 -5.55332 0 0 0 0 
0 3.1407 -5.22087 0 3.49551 -5.46356 0 3.31811 -5.34221 0 0 0 0 
0 3.1407 -5.22087 0 3.04104 -5.71446 0 3.09087 -5.46766 0 0 0 0 
0 3.49551 -5.46356 0 3.49038 -4.99864 0 3.49295 -5.2311 0 0 0 0 
0 3.89186 -5.18968 0 3.49038 -4.99864 0 3.69112 -5.09416 0 0 0 0 
0 3.84208 -4.72943 0.0238733 3.89186 -5.18968 0 3.86697 -4.95956 0.0119367 0 0 0 
0 3.84208 -4.72943 0.0238733 4.27967 -4.87098 0 4.06087 -4.80021 0.0119367 0 0 0 
0 4.27967 -4.87098 0 4.21591 -4.42618 0 4.24779 -4.64858 0 0 0 0 
0 4.66619 -4.49925 0 4.21591 -4.42618 0 4.44105 -4.46272 0 0 0 0 
0 4.54224 -4.07865 0 5.01146 -4.13612 0 4.77685 -4.10738 0 0 0 0 
0 4.77357 -3.79071 0.0205566 5.01146 -4.13612 0 4.89252 -3.96341 0.0102783 0 0 0 
0 4.54224 -4.07865 0 4.66619 -4.49925 0 4.60422 -4.28895 0 0 0 0 
0 4.77357 -3.79071 0.0205566 5.18522 -3.89652 0 4.9794 -3.84361 0.0102783 0 0 0 
0 5.29406 -3.01711 0 5.58854 -3.30505 -1.38778e-17 5.4413 -3.16108 -6.93889e-18 0 0 0 
0 5.29406 -3.01711 0 5.80208 -2.97736 0.0156988 5.54807 -2.99724 0.00784939 0 0 0 
0 5.80208 -2.97736 0.0156988 5.48699 -2.67748 0 5.64453 -2.82742 0.00784939 0 0 0 
0 5.076 -3.37163 0.0202877 5.58854 -3.30505 -1.38778e-17 5.33227 -3.33834 0.0101438 0 0 0 
0 5.41554 -3.63714 0.017751 5.076 -3.37163 0.0202877 5.24577 -3.50439 0.0190193 0 0 0 
0 5.61228 -2.37981 0 6.15473 -2.14466 0.0117056 5.88351 -2.26224 0.00585279 0 0 0 
0 5.81234 -1.90637 0 6.15473 -2.14466 0.0117056 5.98353 -2.02552 0.00585279 0 0 0 
0 5.61228 -2.37981 0 6.00733 -2.53947 0.0161154 5.80981 -2.45964 0.0080577 0 0 0 
0 6.00733 -2.53947 0.0161154 5.48699 -2.67748 0 5.74716 -2.60847 0.0080577 0 0 0 
0 5.81234 -1.90637 0 6.30107 -1.63476 0.00141142 6.0567 -1.77056 0.000705708 0 0 0 
0 6.30107 -1.63476 0.00141142 5.915 -1.46119 0 6.10803 -1.54797 0.000705708 0 0 0 
0 6.43156 -0.979055 0 6.08406 -0.618448 0 6.25781 -0.798752 0 0 0 0 
0 6.0067 -1.02072 0.0274985 6.43156 -0.979055 0 6.21913 -0.99989 0.0137492 0 0 0 
0 -6.82994 -0.0878318 0.323372 -6.50184 0.0999082 0.00762406 -6.66589 0.00603823 0.165498 0 0 0 
0 6.73499 0.299371 0.233614 6.47827 0.356796 0 6.60663 0.328083 0.116807 0 0 0 
0 7.13792 -0.203914 0.635 6.95256 0.285347 0.450448 7.04524 0.0407165 0.542724 0 0 0 
0 -7.1238 -0.124917 0.618472 -6.82994 -0.0878318 0.323372 -6.97687 -0.106375 0.470922 0 0 0 
0 -7.1238 -0.124917 0.618472 -7.12299 -0.516975 0.676959 -7.1234 -0.320946 0.647715 0 0 0 
0 -6.82994 -0.0878318 0.323372 -6.90826 0.426527 0.412998 -6.8691 0.169348 0.368185 0 0 0 
0 -6.82994 -0.0878318 0.323372 -6.69982 0.335207 0.200349 -6.76488 0.123687 0.261861 0 0 0 
0 -6.82994 -0.0878318 0.323372 -7.13542 0.301061 0.6726 -6.98268 0.106615 0.497986 0 0 0 
0 -6.82994 -0.0878318 0.323372 -6.66667 0.0559923 0.162151 -6.74831 -0.0159197 0.242762 0 0 0 
0 -6.43741 0.697154 0 -6.69982 0.335207 0.200349 -6.56861 0.516181 0.100175 0 0 0 
0 -6.69982 0.335207 0.200349 -6.50341 0.199816 0.000931058 -6.60161 0.267512 0.10064 0 0 0 
0 -6.50184 0.0999082 0.00762406 -6.66589 0.00603823 0.165498 -6.58386 0.0529732 0.086561 0 0 0 
0 -6.50341 0.199816 0.000931058 -6.66667 0.0559923 0.162151 -6.58504 0.127904 0.0815412 0 0 0 
0 -6.50184 0.0999082 0.00762406 -6.66667 0.0559923 0.162151 -6.58425 0.0779503 0.0848877 0 0 0 
0 -6.82994 -0.0878318 0.323372 -6.66589 0.00603823 0.165498 -6.74791 -0.0408968 0.244435 0 0 0 
0 -7.14192 -0.0604979 1.09627 -7.13542 0.301061 0.6726 -7.13867 0.120282 0.884434 0 0 0 
0 -7.10032 0.777805 0.635 -6.90826 0.426527 0.412998 -7.00429 0.602166 0.523999 0 0 0 
0 -7.10032 0.777805 0.635 -7.13542 0.301061 0.6726 -7.11787 0.539433 0.6538 0 0 0 
0 -7.13064 0.405075 1.06241 -7.13542 0.301061 0.6726 -7.13303 0.353068 0.867507 0 0 0 
0 7.11181 0.64404 0.635 6.95256 0.285347 0.450448 7.03219 0.464693 0.542724 0 0 0 
0 5.72499 -4.27189 23.8946 5.50658 -4.55015 23.9947 5.61579 -4.41102 23.9446 0 0 0 
0 5.55249 -4.46383 24.3202 5.86191 -4.05667 24.2639 5.7072 -4.26025 24.292 0 0 0 
0 5.55249 -4.46383 24.3202 5.31475 -4.73689 24.2753 5.43362 -4.60036 24.2977 0 0 0 
0 7.08302 -0.471834 24.4528 7.13652 -0.171271 24.1737 7.10977 -0.321552 24.3133 0 0 0 
0 7.08386 -0.914956 23.9749 7.12451 -0.513437 23.9043 7.10419 -0.714197 23.9396 0 0 0 
0 -7.13822 0.198706 19.6251 -7.14319 0.0328846 19.9389 -7.14071 0.115795 19.782 0 0 0 
0 -7.14121 -0.112615 23.7441 -7.12593 -0.486112 24.0507 -7.13357 -0.299364 23.8974 0 0 0 
0 -7.13803 -0.211625 19.6521 -7.12894 -0.432633 19.8972 -7.13349 -0.322129 19.7747 0 0 0 
0 -7.14134 -0.159337 20.2788 -7.14319 0.0328846 19.9389 -7.14227 -0.0632261 20.1088 0 0 0 
0 -7.20459 -0.060861 19.2469 -7.13803 -0.211625 19.6521 -7.17131 -0.136243 19.4495 0 0 0 
0 -7.13803 -0.211625 19.6521 -7.15856 -0.396143 19.4069 -7.14829 -0.303884 19.5295 0 0 0 
0 -7.10586 -0.743751 19.5727 -7.12894 -0.432633 19.8972 -7.1174 -0.588192 19.735 0 0 0 
0 -7.10586 -0.743751 19.5727 -7.13803 -0.211625 19.6521 -7.12194 -0.477688 19.6124 0 0 0 
0 -6.02847 -3.84682 7.44471 -5.94555 -4.02877 7.92576 -5.98701 -3.9378 7.68524 0 0 0 
0 -5.94555 -4.02877 7.92576 -5.70318 -4.34186 8.17004 -5.82437 -4.18531 8.0479 0 0 0 
0 -5.82355 -4.13522 7.43705 -5.64219 -4.37685 7.67489 -5.73287 -4.25604 7.55597 0 0 0 
0 -7.1412 -0.10082 5.69586 -7.13273 -0.36603 5.29894 -7.13697 -0.233425 5.4974 0 0 0 
0 -7.12516 -0.489605 5.6755 -7.13273 -0.36603 5.29894 -7.12895 -0.427818 5.48722 0 0 0 
0 -7.14192 -0.0604979 1.09627 -7.12493 -0.504243 1.2451 -7.13342 -0.282371 1.17068 0 0 0 
0 -7.1425 -0.0913601 5.03039 -7.13967 -0.218782 4.57323 -7.14109 -0.155071 4.80181 0 0 0 
0 -7.11966 -0.558815 4.90024 -7.13273 -0.36603 5.29894 -7.1262 -0.462422 5.09959 0 0 0 
0 -7.1425 -0.0913601 5.03039 -7.14326 0.0251418 5.33913 -7.14288 -0.0331092 5.18476 0 0 0 
0 -7.12543 -0.498683 4.19897 -7.13967 -0.218782 4.57323 -7.13255 -0.358733 4.3861 0 0 0 
0 -7.07756 -0.952628 0.666313 -7.1129 -0.653679 0.933425 -7.09523 -0.803154 0.799869 0 0 0 
0 -7.11966 -0.558815 4.90024 -7.10437 -0.735002 4.57116 -7.11202 -0.646908 4.7357 0 0 0 
0 -7.10843 -0.697826 3.79501 -7.11296 -0.649673 3.27065 -7.11069 -0.67375 3.53283 0 0 0 
0 7.11898 0.580538 1.60809 7.11489 0.638761 1.15232 7.11694 0.609649 1.3802 0 0 0 
0 7.11181 0.64404 0.635 7.11489 0.638761 1.15232 7.11335 0.6414 0.893659 0 0 0 
0 7.11181 0.64404 0.635 7.12473 0.445586 0.883755 7.11827 0.544813 0.759378 0 0 0 
0 7.14287 -0.0377833 5.08805 7.13808 0.256274 4.9325 7.14047 0.109245 5.01028 0 0 0 
0 7.12789 0.451791 2.39401 7.12691 0.481042 2.79175 7.1274 0.466416 2.59288 0 0 0 
0 7.13293 0.364994 5.34272 7.14321 -0.0281659 5.43431 7.13807 0.168414 5.38851 0 0 0 
0 7.13475 -0.329812 19.6507 7.14272 0.0485957 19.9452 7.13873 -0.140608 19.7979 0 0 0 
0 7.1291 0.448554 19.6946 7.14272 0.0485957 19.9452 7.13591 0.248575 19.8199 0 0 0 
0 3.88939 5.99014 12.5337 3.84857 6.01666 12.8473 3.86898 6.0034 12.6905 0 0 0 
0 4.27301 5.72329 14.9017 4.46002 5.57914 15.3381 4.36651 5.65122 15.1199 0 0 0 
0 5.36369 4.7173 8.24678 5.16684 4.93259 8.52639 5.26526 4.82495 8.38658 0 0 0 
0 5.92314 4.0309 7.80866 6.01009 3.86428 7.41102 5.96661 3.94759 7.60984 0 0 0 
0 5.78467 4.18774 7.48847 5.6159 4.4141 7.76524 5.70029 4.30092 7.62685 0 0 0 
0 6.80314 2.21836 6.29382 6.67703 2.63426 6.61358 6.74008 2.42631 6.4537 0 0 0 
0 6.62173 2.67962 6.21449 6.48664 2.99172 6.53319 6.55418 2.83567 6.37384 0 0 0 
0 4.05162 5.8932 13.1297 4.12789 5.86021 12.8501 4.08976 5.87671 12.9899 0 0 0 
0 7.13293 0.364994 5.34272 7.13916 0.289397 5.76926 7.13605 0.327195 5.55599 0 0 0 
0 7.14321 -0.0281659 5.43431 7.13916 0.289397 5.76926 7.14119 0.130615 5.60178 0 0 0 
0 -7.12912 0.541005 5.81533 -7.10183 0.942295 5.96233 -7.11547 0.74165 5.88883 0 0 0 
0 -6.67527 2.58781 6.50082 -6.52247 2.98993 6.84937 -6.59887 2.78887 6.6751 0 0 0 
0 -6.50361 2.9553 6.53379 -6.36926 3.23418 6.67581 -6.43644 3.09474 6.6048 0 0 0 
0 -6.27326 3.43728 7.07167 -6.52247 2.98993 6.84937 -6.39787 3.2136 6.96052 0 0 0 
0 -7.13812 0.226315 24.0146 -7.14121 -0.112615 23.7441 -7.13967 0.05685 23.8793 0 0 0 
0 -2.77248 6.58077 24.1123 -2.39826 6.72783 23.8852 -2.58537 6.6543 23.9988 0 0 0 
0 -2.21421 6.76271 24.3486 -2.4798 6.6748 24.238 -2.34701 6.71876 24.2933 0 0 0 
0 -2.39826 6.72783 23.8852 -2.03101 6.84679 24.0119 -2.21464 6.78731 23.9485 0 0 0 
0 5.72118 4.2605 24.2324 5.95884 3.91511 24.2834 5.84001 4.08781 24.2579 0 0 0 
0 5.95884 3.91511 24.2834 6.22709 3.46391 24.3098 6.09296 3.68951 24.2966 0 0 0 
0 5.85389 4.09238 23.9142 6.11938 3.68356 23.8907 5.98664 3.88797 23.9025 0 0 0 
0 6.22709 3.46391 24.3098 6.4214 3.12291 24.1642 6.32424 3.29341 24.237 0 0 0 
0 6.28967 3.38312 24.025 6.11938 3.68356 23.8907 6.20453 3.53334 23.9578 0 0 0 
0 6.56484 2.77661 24.2809 6.4214 3.12291 24.1642 6.49312 2.94976 24.2226 0 0 0 
0 6.56484 2.77661 24.2809 6.75912 2.2604 24.2834 6.66198 2.51851 24.2822 0 0 0 
0 6.70345 2.46571 24.0521 6.86418 1.97677 24.0048 6.78382 2.22124 24.0285 0 0 0 
0 7.03922 1.02123 24.3862 7.08282 0.684929 24.3403 7.06102 0.853081 24.3633 0 0 0 
0 7.10949 0.293965 24.3723 7.08282 0.684929 24.3403 7.09615 0.489447 24.3563 0 0 0 
0 7.10272 0.756358 23.9642 7.12174 0.346415 24.0452 7.11223 0.551387 24.0047 0 0 0 
0 7.10949 0.293965 24.3723 7.13642 0.0758727 23.9472 7.12295 0.184919 24.1597 0 0 0 
0 7.12174 0.346415 24.0452 7.13642 0.0758727 23.9472 7.12908 0.211144 23.9962 0 0 0 
0 6.94584 -0.166829 24.7954 7.08302 -0.471834 24.4528 7.01443 -0.319331 24.6241 0 0 0 
0 7.08001 -0.0256496 24.5222 7.08302 -0.471834 24.4528 7.08152 -0.248742 24.4875 0 0 0 
0 7.08001 -0.0256496 24.5222 7.10949 0.293965 24.3723 7.09475 0.134158 24.4472 0 0 0 
0 5.65321 -0.164712 25.4 6.17692 -0.172344 25.3594 5.91507 -0.168528 25.3797 0 0 0 
0 6.17692 -0.172344 25.3594 5.83096 -0.579093 25.4 6.00394 -0.375718 25.3797 0 0 0 
0 0.00498903 -5.76939 25.4 -0.460691 -5.75651 25.4 -0.227851 -5.76295 25.4 0 0 0 
0 -1.89671 -5.48418 25.4 -2.37196 -5.22995 25.4 -2.13433 -5.35707 25.4 0 0 0 
0 -4.66201 -3.34333 25.4 -4.93839 -3.00178 25.4 -4.8002 -3.17256 25.4 0 0 0 
0 -7.09304 0.0881905 24.4698 -7.13812 0.226315 24.0146 -7.11558 0.157253 24.2422 0 0 0 
0 -6.36462 0.00576485 25.3004 -5.95096 -0.235917 25.3866 -6.15779 -0.115076 25.3435 0 0 0 
0 6.77039 2.29352 19.0945 6.94454 1.9042 18.9125 6.85746 2.09886 19.0035 0 0 0 
0 6.98489 -1.85562 18.8655 6.84521 -2.1188 19.0368 6.91505 -1.98721 18.9512 0 0 0 
0 7.75626 -1.86927 18.1362 8.1026 -1.51463 18.1706 7.92943 -1.69195 18.1534 0 0 0 
0 7.70914 1.69902 18.2244 8.1026 1.58864 18.1453 7.90587 1.64383 18.1849 0 0 0 
0 8.1026 1.58864 18.1453 7.90587 1.86351 18.1244 8.00424 1.72607 18.1349 0 0 0 
0 -7.75045 1.80203 7.2053 -8.1026 1.66183 7.2348 -7.92653 1.73193 7.22005 0 0 0 
0 -6.9796 1.7316 6.35657 -6.80455 2.17278 6.06432 -6.89207 1.95219 6.21045 0 0 0 
0 -6.95147 -1.88347 6.46171 -6.76058 -2.30616 6.23399 -6.85602 -2.09482 6.34785 0 0 0 
0 -6.99632 -1.65433 19.0458 -6.97393 -1.54797 19.4529 -6.98512 -1.60115 19.2494 0 0 0 
0 -7.00848 1.70498 18.9654 -6.94392 1.6697 19.3797 -6.9762 1.68734 19.1725 0 0 0 
0 -7.76568 1.78239 18.1705 -8.1026 1.5921 18.1478 -7.93414 1.68724 18.1591 0 0 0 
0 -7.60994 -3.09523 17.4868 -7.8194 -2.85771 17.6321 -7.71467 -2.97647 17.5595 0 0 0 
0 -7.83163 -2.13573 18.0118 -7.75306 -2.55483 17.8068 -7.79235 -2.34528 17.9093 0 0 0 
0 -8.1026 -2.41637 17.8602 -8.1026 -2.04529 18.0031 -8.1026 -2.23083 17.9317 0 0 0 
0 -8.1026 -2.06331 7.35937 -8.1026 -2.41339 7.50863 -8.1026 -2.23835 7.434 0 0 0 
0 -8.1026 -2.06331 7.35937 -7.75251 -1.81316 7.21004 -7.92756 -1.93824 7.2847 0 0 0 
0 -8.07676 -1.70623 18.1407 -7.83163 -2.13573 18.0118 -7.95419 -1.92098 18.0763 0 0 0 
0 -7.83163 -2.13573 18.0118 -7.72275 -1.76415 18.1922 -7.77719 -1.94994 18.102 0 0 0 
0 -7.73627 -2.37901 7.46553 -7.64709 -2.68321 7.62199 -7.69168 -2.53111 7.54376 0 0 0 
0 -7.75306 -2.55483 17.8068 -7.46318 -2.85947 17.6688 -7.60812 -2.70715 17.7378 0 0 0 
0 6.79685 -2.22169 6.2704 6.91584 -1.9361 6.3704 6.85635 -2.0789 6.3204 0 0 0 
0 7.17163 -1.95001 6.90735 7.03282 -1.87238 6.62369 7.10222 -1.9112 6.76552 0 0 0 
0 7.18967 -1.58202 6.67686 7.44678 -1.68745 7.00064 7.31822 -1.63474 6.83875 0 0 0 
0 6.80314 2.21836 6.29382 6.9658 1.77485 6.34747 6.88447 1.99661 6.32065 0 0 0 
0 6.9658 1.77485 6.34747 6.97246 1.57198 5.9843 6.96913 1.67342 6.16589 0 0 0 
0 7.63763 1.66624 7.0961 8.1026 1.67421 7.22409 7.87011 1.67023 7.16009 0 0 0 
0 7.70772 -1.84086 7.20841 8.1026 -1.49364 7.16873 7.90516 -1.66725 7.18857 0 0 0 
0 5.67509 -4.94889 15.5888 6.03555 -4.75904 15.8515 5.85532 -4.85396 15.7201 0 0 0 
0 7.75626 -1.86927 18.1362 7.83915 -2.39852 17.8765 7.79771 -2.13389 18.0063 0 0 0 
0 7.70772 -1.84086 7.20841 7.84469 -2.32509 7.45535 7.77621 -2.08298 7.33188 0 0 0 
0 -7.72625 3.01657 7.83378 -7.41854 3.32241 8.03835 -7.5724 3.16949 7.93607 0 0 0 
0 -7.60839 3.14439 17.4561 -7.48896 3.41327 17.2668 -7.54867 3.27883 17.3615 0 0 0 
0 -7.60839 3.14439 17.4561 -7.81704 2.78218 17.6733 -7.71271 2.96329 17.5647 0 0 0 
0 -7.25449 3.25155 17.4055 -7.11545 3.57012 17.1596 -7.18497 3.41084 17.2826 0 0 0 
0 4.76614 5.69954 13.0614 4.84551 5.7126 12.5741 4.80582 5.70607 12.8178 0 0 0 
0 6.26124 4.74415 15.8679 6.44959 4.56541 16.118 6.35541 4.65478 15.993 0 0 0 
0 8.08012 2.21981 7.41922 7.88384 1.95645 7.29209 7.98198 2.08813 7.35565 0 0 0 
0 7.84049 2.20589 17.9794 7.90587 1.86351 18.1244 7.87318 2.0347 18.0519 0 0 0 
0 -5.71147 1.46851 25.397 -5.73224 1.83676 25.3759 -5.72185 1.65263 25.3864 0 0 0 
0 -3.07119 5.15621 25.378 -2.76059 5.37288 25.3709 -2.91589 5.26455 25.3745 0 0 0 
0 5.65321 -0.164712 25.4 5.80656 0.296936 25.4 5.72989 0.0661121 25.4 0 0 0 
0 5.42182 1.89988 25.3868 5.5735 1.33452 25.4 5.49766 1.6172 25.3934 0 0 0 
0 3.01121 5.13368 25.3903 3.37234 4.94132 25.3816 3.19178 5.0375 25.3859 0 0 0 
0 -5.42551 1.95944 25.4 -5.46608 1.71442 25.4 -5.44579 1.83693 25.4 0 0 0 
0 8.1026 4.20403 12.1019 8.1026 3.9095 12.3867 8.1026 4.05676 12.2443 0 0 0 
0 8.1026 4.26504 12.4416 8.1026 4.57807 12.1893 8.1026 4.42155 12.3154 0 0 0 
0 8.1026 5.68277 12.2817 8.1026 5.34963 12.5762 8.1026 5.5162 12.4289 0 0 0 
0 7.66746 3.16966 17.4405 8.1026 3.20479 17.3953 7.88503 3.18722 17.4179 0 0 0 
0 7.66746 3.16966 17.4405 8.1026 2.95558 17.5568 7.88503 3.06262 17.4987 0 0 0 
0 8.1026 2.95558 17.5568 7.62899 2.86396 17.6336 7.86579 2.90977 17.5952 0 0 0 
0 7.66746 3.16966 17.4405 8.07615 3.47179 17.2205 7.8718 3.32073 17.3305 0 0 0 
0 7.78505 2.54096 17.8092 8.1026 2.42905 17.8543 7.94383 2.485 17.8317 0 0 0 
0 7.84049 2.20589 17.9794 8.1026 2.42905 17.8543 7.97154 2.31747 17.9168 0 0 0 
0 7.78505 2.54096 17.8092 8.1026 2.95558 17.5568 7.94383 2.74827 17.683 0 0 0 
0 8.1026 5.71141 12.6851 7.84194 5.70728 12.9635 7.97227 5.70935 12.8243 0 0 0 
0 8.1026 5.67236 13.2112 8.1026 5.71141 12.6851 8.1026 5.69189 12.9481 0 0 0 
0 8.1026 5.71141 12.6851 7.80847 5.71072 12.5178 7.95554 5.71106 12.6014 0 0 0 
0 7.67556 -2.89662 17.6112 8.1026 -2.77677 17.6761 7.88908 -2.8367 17.6436 0 0 0 
0 8.1026 -2.77677 17.6761 7.61777 -2.61762 17.7892 7.86019 -2.6972 17.7326 0 0 0 
0 7.83915 -2.39852 17.8765 8.1026 -2.43272 17.8443 7.97088 -2.41562 17.8604 0 0 0 
0 7.83915 -2.39852 17.8765 8.1026 -2.77677 17.6761 7.97088 -2.58764 17.7763 0 0 0 
0 8.1026 -5.71141 12.8876 8.1026 -5.37958 12.5638 8.1026 -5.54549 12.7257 0 0 0 
0 8.1026 -5.69707 12.2807 8.1026 -5.33894 12.0779 8.1026 -5.51801 12.1793 0 0 0 
0 8.1026 -4.86585 11.8795 8.1026 -5.33894 12.0779 8.1026 -5.1024 11.9787 0 0 0 
0 8.1026 -5.02529 12.4133 8.1026 -5.37958 12.5638 8.1026 -5.20243 12.4886 0 0 0 
0 8.1026 -3.16848 12.8804 8.1026 -3.43205 12.5201 8.1026 -3.30026 12.7003 0 0 0 
0 -8.1026 -2.09838 17.5188 -8.1026 -2.04529 18.0031 -8.1026 -2.07184 17.761 0 0 0 
0 -8.1026 -2.41637 17.8602 -8.1026 -2.09838 17.5188 -8.1026 -2.25738 17.6895 0 0 0 
0 -8.1026 -2.04529 18.0031 -8.1026 -1.72103 17.6623 -8.1026 -1.88316 17.8327 0 0 0 
0 -8.1026 1.31012 7.1255 -8.1026 1.48866 7.58019 -8.1026 1.39939 7.35284 0 0 0 
0 -8.1026 1.48866 7.58019 -8.1026 1.66183 7.2348 -8.1026 1.57524 7.40749 0 0 0 
0 -8.1026 1.66183 7.2348 -8.1026 1.8045 7.58853 -8.1026 1.73316 7.41167 0 0 0 
0 -8.1026 1.77452 7.94353 -8.1026 1.8045 7.58853 -8.1026 1.78951 7.76603 0 0 0 
0 -8.1026 -3.09732 17.4838 -7.8194 -2.85771 17.6321 -7.961 -2.97752 17.558 0 0 0 
0 -8.1026 -3.09732 17.4838 -7.60994 -3.09523 17.4868 -7.85627 -3.09628 17.4853 0 0 0 
0 -7.60994 -3.09523 17.4868 -8.1026 -3.36924 17.2891 -7.85627 -3.23224 17.388 0 0 0 
0 -8.1026 -2.7439 17.6944 -7.8194 -2.85771 17.6321 -7.961 -2.80081 17.6632 0 0 0 
0 -8.1026 -2.30206 7.91836 -8.1026 -2.41339 7.50863 -8.1026 -2.35772 7.71349 0 0 0 
0 -8.1026 -2.74752 7.67785 -8.1026 -2.41339 7.50863 -8.1026 -2.58046 7.59324 0 0 0 
0 -8.1026 -2.74752 7.67785 -7.64709 -2.68321 7.62199 -7.87485 -2.71536 7.64992 0 0 0 
0 -8.1026 -2.41637 17.8602 -8.1026 -2.23083 17.9317 -8.1026 -2.3236 17.8959 0 0 0 
0 -7.83163 -2.13573 18.0118 -8.1026 -2.23083 17.9317 -7.96712 -2.18328 17.9717 0 0 0 
0 -7.75306 -2.55483 17.8068 -8.1026 -2.7439 17.6944 -7.92783 -2.64937 17.7506 0 0 0 
0 -8.1026 -2.41637 17.8602 -8.1026 -2.7439 17.6944 -8.1026 -2.58014 17.7773 0 0 0 
0 -8.1026 -2.09838 17.5188 -8.1026 -2.07184 17.761 -8.1026 -2.08511 17.6399 0 0 0 
0 -8.1026 -2.09838 17.5188 -8.1026 -2.23083 17.9317 -8.1026 -2.16461 17.7252 0 0 0 
0 -8.1026 -2.09838 17.5188 -8.1026 -2.25738 17.6895 -8.1026 -2.17788 17.6041 0 0 0 
0 -8.1026 -2.09838 17.5188 -8.1026 -2.4654 17.586 -8.1026 -2.28189 17.5524 0 0 0 
0 -8.1026 -2.41637 17.8602 -8.1026 -2.4654 17.586 -8.1026 -2.44089 17.7231 0 0 0 
0 -8.1026 -2.41339 7.50863 -8.1026 -2.1651 7.62228 -8.1026 -2.28925 7.56546 0 0 0 
0 -8.1026 -2.06331 7.35937 -8.1026 -1.7915 7.59621 -8.1026 -1.9274 7.47779 0 0 0 
0 -8.1026 -2.06331 7.35937 -8.1026 -2.1651 7.62228 -8.1026 -2.11421 7.49082 0 0 0 
0 -8.1026 -2.04529 18.0031 -8.1026 -1.88316 17.8327 -8.1026 -1.96422 17.9179 0 0 0 
0 -8.1026 -1.72103 17.6623 -8.1026 -1.88316 17.8327 -8.1026 -1.80209 17.7475 0 0 0 
0 -8.1026 -1.72103 17.6623 -8.1026 -2.07184 17.761 -8.1026 -1.89643 17.7116 0 0 0 
0 -8.1026 -2.41637 17.8602 -8.1026 -2.25738 17.6895 -8.1026 -2.33687 17.7748 0 0 0 
0 -8.1026 -2.04529 18.0031 -8.1026 -2.23083 17.9317 -8.1026 -2.13806 17.9674 0 0 0 
0 -8.1026 -2.04529 18.0031 -8.1026 -2.07184 17.761 -8.1026 -2.05856 17.882 0 0 0 
0 -8.1026 2.08337 7.76514 -8.1026 2.41031 7.52302 -8.1026 2.24684 7.64408 0 0 0 
0 -8.1026 2.08337 7.76514 -8.1026 1.8045 7.58853 -8.1026 1.94394 7.67684 0 0 0 
0 -7.79705 2.4313 17.866 -8.1026 2.41031 17.8472 -7.94983 2.4208 17.8566 0 0 0 
0 -8.1026 2.77677 7.69413 -7.79184 2.63797 7.61806 -7.94722 2.70737 7.65609 0 0 0 
0 -8.1026 2.77677 7.69413 -7.72625 3.01657 7.83378 -7.91443 2.89667 7.76395 0 0 0 
0 -7.72625 3.01657 7.83378 -8.1026 3.02764 7.8594 -7.91443 3.0221 7.84659 0 0 0 
0 -8.1026 2.77677 7.69413 -8.1026 2.41031 7.52302 -8.1026 2.59354 7.60857 0 0 0 
0 -8.1026 2.41031 7.52302 -8.1026 2.39144 7.91116 -8.1026 2.40087 7.71709 0 0 0 
0 -8.1026 2.73559 17.6987 -7.81704 2.78218 17.6733 -7.95982 2.75888 17.686 0 0 0 
0 -8.1026 2.73559 17.6987 -7.79705 2.4313 17.866 -7.94983 2.58344 17.7823 0 0 0 
0 -7.81704 2.78218 17.6733 -8.1026 3.11538 17.4549 -7.95982 2.94878 17.5641 0 0 0 
0 -8.1026 3.29274 8.01401 -7.72625 3.01657 7.83378 -7.91443 3.15466 7.92389 0 0 0 
0 -7.60839 3.14439 17.4561 -8.1026 3.11538 17.4549 -7.8555 3.12989 17.4555 0 0 0 
0 -8.1026 1.77452 7.94353 -8.1026 2.08337 7.76514 -8.1026 1.92895 7.85434 0 0 0 
0 -8.1026 -0.903375 15.7289 -8.1026 -1.29296 15.8711 -8.1026 -1.09817 15.8 0 0 0 
0 8.1026 -3.13647 12.2334 8.1026 -3.63598 12.1683 8.1026 -3.38623 12.2009 0 0 0 
0 8.1026 -3.13647 12.2334 8.1026 -3.43205 12.5201 8.1026 -3.28426 12.3768 0 0 0 
0 7.84469 -2.32509 7.45535 8.1026 -2.54778 7.57138 7.97365 -2.43644 7.51337 0 0 0 
0 8.1026 -2.54778 7.57138 7.77809 -2.64152 7.61989 7.94035 -2.59465 7.59564 0 0 0 
0 8.0902 -2.92558 7.77701 7.77809 -2.64152 7.61989 7.93414 -2.78355 7.69845 0 0 0 
0 8.0902 -2.92558 7.77701 7.75038 -2.90379 7.76312 7.92029 -2.91469 7.77006 0 0 0 
0 8.1026 -5.33894 12.0779 8.1026 -5.63971 11.8166 8.1026 -5.48933 11.9473 0 0 0 
0 8.1026 3.21434 7.9628 7.79377 2.92734 7.77762 7.94819 3.07084 7.87021 0 0 0 
0 7.81684 2.54217 7.56694 8.1026 2.76716 7.71112 7.95972 2.65466 7.63903 0 0 0 
0 8.1026 2.76716 7.71112 7.79377 2.92734 7.77762 7.94819 2.84725 7.74437 0 0 0 
0 8.08012 2.21981 7.41922 8.1026 1.84545 7.57221 8.09136 2.03263 7.49571 0 0 0 
0 8.08012 2.21981 7.41922 8.1026 2.38917 7.83897 8.09136 2.30449 7.62909 0 0 0 
0 8.08012 2.21981 7.41922 8.1026 2.04728 7.86405 8.09136 2.13355 7.64163 0 0 0 
0 8.12248 -3.06153 13.5027 8.67061 -3.0859 13.4241 8.39655 -3.07372 13.4634 0 0 0 
0 8.12248 -3.06153 13.5027 8.42716 -2.97091 13.7963 8.27482 -3.01622 13.6495 0 0 0 
0 8.12876 -2.85936 14.0642 8.42716 -2.97091 13.7963 8.27796 -2.91514 13.9303 0 0 0 
0 9.22962 -3.04847 13.5637 9.52665 -2.95646 13.8343 9.37813 -3.00246 13.699 0 0 0 
0 9.09537 -2.88538 14.0045 8.8595 -2.98422 13.7598 8.97744 -2.9348 13.8821 0 0 0 
0 12.2266 -3.08358 13.4294 11.8499 -3.02306 13.6461 12.0382 -3.05332 13.5378 0 0 0 
0 8.42716 -2.97091 13.7963 8.8595 -2.98422 13.7598 8.64333 -2.97757 13.778 0 0 0 
0 8.1026 3.14972 13.0788 8.3584 3.16683 12.9089 8.2305 3.15828 12.9938 0 0 0 
0 8.1026 3.17796 12.5386 8.45899 3.17152 12.5878 8.28079 3.17474 12.5632 0 0 0 
0 11.8755 3.16762 12.5059 11.4032 3.1679 12.5334 11.6393 3.16776 12.5197 0 0 0 
0 13.5062 3.17083 12.5719 13.7995 3.16385 12.4824 13.6528 3.16734 12.5272 0 0 0 
0 14.0812 3.16979 12.8181 14.4338 3.15871 12.4243 14.2575 3.16425 12.6212 0 0 0 
0 14.0812 3.16979 12.8181 13.632 3.16504 12.9034 13.8566 3.16742 12.8607 0 0 0 
0 13.2084 3.17017 12.8067 13.632 3.16504 12.9034 13.4202 3.16761 12.855 0 0 0 
0 11.4032 3.1679 12.5334 10.9191 3.17167 12.5927 11.1611 3.16978 12.563 0 0 0 
0 11.1687 3.16795 12.8332 10.7078 3.16682 12.8826 10.9382 3.16738 12.8579 0 0 0 
0 14.0812 3.16979 12.8181 14.4526 3.14893 13.0911 14.2669 3.15936 12.9546 0 0 0 
0 14.4526 -3.15613 12.8668 14.2114 -3.17 12.5657 14.332 -3.16307 12.7162 0 0 0 
0 14.4526 -3.15613 12.8668 13.915 -3.16369 12.8951 14.1838 -3.15991 12.8809 0 0 0 
0 -14.4368 3.13909 12.2518 -13.9979 3.16435 12.5069 -14.2174 3.15172 12.3794 0 0 0 
0 -13.9663 3.16453 12.868 -14.4526 3.16848 12.6012 -14.2095 3.1665 12.7346 0 0 0 
0 -13.5014 3.17076 12.775 -13.9979 3.16435 12.5069 -13.7497 3.16756 12.6409 0 0 0 
0 -12.5093 3.11885 13.253 -12.9528 3.15625 12.9985 -12.7311 3.13755 13.1258 0 0 0 
0 -12.5093 3.11885 13.253 -12.159 3.0661 13.4934 -12.3342 3.09248 13.3732 0 0 0 
0 -8.45772 3.07643 13.4669 -8.12334 3.14743 13.0544 -8.29053 3.11193 13.2606 0 0 0 
0 -13.3139 3.1233 13.229 -12.936 3.10388 13.3466 -13.1249 3.11359 13.2878 0 0 0 
0 -14.4526 -3.16656 12.5536 -14.23 -3.16818 12.4983 -14.3413 -3.16737 12.526 0 0 0 
0 -14.4526 -3.14336 12.9158 -14.1386 -3.17196 12.7869 -14.2956 -3.15766 12.8513 0 0 0 
0 -14.4526 -3.11823 12.1499 -14.23 -3.16818 12.4983 -14.3413 -3.14321 12.3241 0 0 0 
0 -13.8769 -3.17237 12.6372 -14.23 -3.16818 12.4983 -14.0535 -3.17028 12.5678 0 0 0 
0 -10.7934 -3.16617 12.8891 -10.3314 -3.17322 12.737 -10.5624 -3.16969 12.8131 0 0 0 
0 -8.11821 -3.16065 12.9144 -8.36342 -3.17402 12.6502 -8.24081 -3.16734 12.7823 0 0 0 
0 -8.1026 -3.14893 12.2791 -8.36342 -3.17402 12.6502 -8.23301 -3.16148 12.4646 0 0 0 
0 -14.4526 -3.14336 12.9158 -14.4526 -2.81122 12.9352 -14.4526 -2.97729 12.9255 0 0 0 
0 -14.4526 -3.14336 12.9158 -14.4526 -2.88985 13.1838 -14.4526 -3.0166 13.0498 0 0 0 
0 -14.4526 -3.14336 12.9158 -14.4526 -2.89716 12.6478 -14.4526 -3.02026 12.7818 0 0 0 
0 -14.4526 3.14847 12.9511 -13.9663 3.16453 12.868 -14.2095 3.1565 12.9095 0 0 0 
